# x	y	u	v	flags	mask
2.1757e-01	3.5226e+00	-6.2220e-02	-2.7081e+00	0.0000e+00	0.0000e+00
4.8695e-01	3.5226e+00	-3.1587e-01	-2.9800e+00	0.0000e+00	0.0000e+00
7.5632e-01	3.5226e+00	-2.1923e-01	-3.1759e+00	0.0000e+00	0.0000e+00
1.0257e+00	3.5226e+00	-9.9285e-02	-3.1628e+00	0.0000e+00	0.0000e+00
1.2951e+00	3.5226e+00	-1.2977e-01	-3.1123e+00	0.0000e+00	0.0000e+00
1.5644e+00	3.5226e+00	1.3353e-01	-2.9734e+00	0.0000e+00	0.0000e+00
1.8338e+00	3.5226e+00	2.2845e-01	-3.0094e+00	0.0000e+00	0.0000e+00
2.1032e+00	3.5226e+00	3.5769e-01	-3.0725e+00	0.0000e+00	0.0000e+00
2.3726e+00	3.5226e+00	5.5819e-01	-3.0472e+00	0.0000e+00	0.0000e+00
2.6419e+00	3.5226e+00	-5.3552e-02	-2.5293e+00	0.0000e+00	0.0000e+00
2.9113e+00	3.5226e+00	-1.7987e-02	-3.0461e+00	0.0000e+00	0.0000e+00
3.1807e+00	3.5226e+00	-3.8236e-02	-3.1567e+00	0.0000e+00	0.0000e+00
3.4501e+00	3.5226e+00	-1.7278e-01	-2.8147e+00	1.0000e+00	0.0000e+00
3.7194e+00	3.5226e+00	-1.7710e-01	-2.9562e+00	0.0000e+00	0.0000e+00
3.9888e+00	3.5226e+00	-1.1064e-02	-2.9971e+00	0.0000e+00	0.0000e+00
4.2582e+00	3.5226e+00	-1.7586e-01	-2.9432e+00	0.0000e+00	0.0000e+00
4.5276e+00	3.5226e+00	-7.1757e-02	-2.6691e+00	0.0000e+00	0.0000e+00
4.7969e+00	3.5226e+00	6.3371e-02	-3.1262e+00	0.0000e+00	0.0000e+00
5.0663e+00	3.5226e+00	-7.9857e-01	-2.5729e+00	0.0000e+00	0.0000e+00
2.1757e-01	3.2532e+00	-2.3244e-01	-2.7492e+00	0.0000e+00	0.0000e+00
4.8695e-01	3.2532e+00	-4.5745e-02	-2.9243e+00	1.0000e+00	0.0000e+00
7.5632e-01	3.2532e+00	-4.7261e-02	-3.2017e+00	0.0000e+00	0.0000e+00
1.0257e+00	3.2532e+00	4.4484e-02	-3.1671e+00	0.0000e+00	0.0000e+00
1.2951e+00	3.2532e+00	2.3598e-01	-3.0996e+00	0.0000e+00	0.0000e+00
1.5644e+00	3.2532e+00	1.6022e-01	-2.9705e+00	0.0000e+00	0.0000e+00
1.8338e+00	3.2532e+00	2.5443e-01	-3.0537e+00	0.0000e+00	0.0000e+00
2.1032e+00	3.2532e+00	2.6123e-01	-3.2759e+00	0.0000e+00	0.0000e+00
2.3726e+00	3.2532e+00	1.6732e-02	-2.9278e+00	0.0000e+00	0.0000e+00
2.6419e+00	3.2532e+00	-1.4671e-01	-2.4940e+00	0.0000e+00	0.0000e+00
2.9113e+00	3.2532e+00	-3.3456e-01	-2.5633e+00	0.0000e+00	0.0000e+00
3.1807e+00	3.2532e+00	-1.0705e-01	-2.7191e+00	0.0000e+00	0.0000e+00
3.4501e+00	3.2532e+00	1.8015e-02	-2.8561e+00	0.0000e+00	0.0000e+00
3.7194e+00	3.2532e+00	2.5014e-02	-3.1408e+00	0.0000e+00	0.0000e+00
3.9888e+00	3.2532e+00	-1.3151e-01	-2.9732e+00	0.0000e+00	0.0000e+00
4.2582e+00	3.2532e+00	-1.7612e-01	-2.8354e+00	0.0000e+00	0.0000e+00
4.5276e+00	3.2532e+00	-1.8395e-01	-2.6965e+00	0.0000e+00	0.0000e+00
4.7969e+00	3.2532e+00	-2.0004e-01	-2.8811e+00	1.0000e+00	0.0000e+00
5.0663e+00	3.2532e+00	-1.9227e-01	-3.5400e+00	0.0000e+00	0.0000e+00
2.1757e-01	2.9838e+00	-2.3559e-01	-2.6137e+00	0.0000e+00	0.0000e+00
4.8695e-01	2.9838e+00	-5.2686e-01	-3.0298e+00	0.0000e+00	0.0000e+00
7.5632e-01	2.9838e+00	-5.7998e-01	-3.1743e+00	0.0000e+00	0.0000e+00
1.0257e+00	2.9838e+00	-2.1765e-02	-3.0804e+00	0.0000e+00	0.0000e+00
1.2951e+00	2.9838e+00	9.0964e-02	-3.0397e+00	0.0000e+00	0.0000e+00
1.5644e+00	2.9838e+00	4.5130e-01	-2.7045e+00	0.0000e+00	0.0000e+00
1.8338e+00	2.9838e+00	2.9043e-01	-2.5906e+00	0.0000e+00	0.0000e+00
2.1032e+00	2.9838e+00	-3.5190e-01	-3.0738e+00	0.0000e+00	0.0000e+00
2.3726e+00	2.9838e+00	-1.3250e-01	-2.7732e+00	0.0000e+00	0.0000e+00
2.6419e+00	2.9838e+00	-2.1009e-01	-2.5898e+00	0.0000e+00	0.0000e+00
2.9113e+00	2.9838e+00	-3.0881e-01	-2.5700e+00	0.0000e+00	0.0000e+00
3.1807e+00	2.9838e+00	-2.6537e-01	-2.6647e+00	0.0000e+00	0.0000e+00
3.4501e+00	2.9838e+00	-1.5881e-01	-2.7595e+00	0.0000e+00	0.0000e+00
3.7194e+00	2.9838e+00	-6.2462e-02	-2.9978e+00	0.0000e+00	0.0000e+00
3.9888e+00	2.9838e+00	-1.8618e-01	-2.8105e+00	1.0000e+00	0.0000e+00
4.2582e+00	2.9838e+00	-4.1593e-01	-2.9268e+00	0.0000e+00	0.0000e+00
4.5276e+00	2.9838e+00	-1.9481e-01	-2.6961e+00	0.0000e+00	0.0000e+00
4.7969e+00	2.9838e+00	-4.7133e-01	-3.2198e+00	0.0000e+00	0.0000e+00
5.0663e+00	2.9838e+00	-1.5429e-03	-3.3403e+00	0.0000e+00	0.0000e+00
2.1757e-01	2.7145e+00	-1.0707e-01	-2.8667e+00	1.0000e+00	0.0000e+00
4.8695e-01	2.7145e+00	-3.9874e-03	-2.6656e+00	0.0000e+00	0.0000e+00
7.5632e-01	2.7145e+00	3.7508e-02	-2.7248e+00	0.0000e+00	0.0000e+00
1.0257e+00	2.7145e+00	2.1568e-01	-2.6261e+00	0.0000e+00	0.0000e+00
1.2951e+00	2.7145e+00	3.4311e-01	-2.6609e+00	0.0000e+00	0.0000e+00
1.5644e+00	2.7145e+00	3.2186e-01	-2.5615e+00	0.0000e+00	0.0000e+00
1.8338e+00	2.7145e+00	8.0092e-02	-2.9644e+00	0.0000e+00	0.0000e+00
2.1032e+00	2.7145e+00	-1.2055e-02	-3.2282e+00	0.0000e+00	0.0000e+00
2.3726e+00	2.7145e+00	1.0317e-02	-2.9199e+00	0.0000e+00	0.0000e+00
2.6419e+00	2.7145e+00	-2.0147e-01	-2.7391e+00	0.0000e+00	0.0000e+00
2.9113e+00	2.7145e+00	-2.1344e-01	-2.5613e+00	0.0000e+00	0.0000e+00
3.1807e+00	2.7145e+00	-2.5367e-01	-2.6030e+00	0.0000e+00	0.0000e+00
3.4501e+00	2.7145e+00	-3.8595e-01	-2.9129e+00	0.0000e+00	0.0000e+00
3.7194e+00	2.7145e+00	-5.2497e-01	-3.0078e+00	0.0000e+00	0.0000e+00
3.9888e+00	2.7145e+00	-2.8200e-01	-3.0098e+00	0.0000e+00	0.0000e+00
4.2582e+00	2.7145e+00	1.2908e-01	-2.6326e+00	0.0000e+00	0.0000e+00
4.5276e+00	2.7145e+00	-7.8049e-02	-2.7979e+00	0.0000e+00	0.0000e+00
4.7969e+00	2.7145e+00	-1.5709e-01	-3.0411e+00	0.0000e+00	0.0000e+00
5.0663e+00	2.7145e+00	-5.8177e-02	-2.6632e+00	0.0000e+00	0.0000e+00
2.1757e-01	2.4451e+00	-1.3085e-01	-2.6405e+00	0.0000e+00	0.0000e+00
4.8695e-01	2.4451e+00	-6.5584e-02	-2.9969e+00	0.0000e+00	0.0000e+00
7.5632e-01	2.4451e+00	-4.3101e-03	-3.0585e+00	0.0000e+00	0.0000e+00
1.0257e+00	2.4451e+00	4.4526e-01	-2.7742e+00	0.0000e+00	0.0000e+00
1.2951e+00	2.4451e+00	2.7706e-01	-2.8663e+00	0.0000e+00	0.0000e+00
1.5644e+00	2.4451e+00	1.1645e-02	-3.0144e+00	0.0000e+00	0.0000e+00
1.8338e+00	2.4451e+00	-2.2751e-01	-3.2939e+00	0.0000e+00	0.0000e+00
2.1032e+00	2.4451e+00	8.7053e-03	-3.2485e+00	0.0000e+00	0.0000e+00
2.3726e+00	2.4451e+00	-9.8058e-02	-3.1372e+00	0.0000e+00	0.0000e+00
2.6419e+00	2.4451e+00	-1.2552e-01	-2.7929e+00	1.0000e+00	0.0000e+00
2.9113e+00	2.4451e+00	-6.0694e-02	-2.5311e+00	0.0000e+00	0.0000e+00
3.1807e+00	2.4451e+00	-1.1595e-01	-2.3781e+00	0.0000e+00	0.0000e+00
3.4501e+00	2.4451e+00	-8.7977e-02	-2.8025e+00	0.0000e+00	0.0000e+00
3.7194e+00	2.4451e+00	-2.2778e-01	-2.6799e+00	1.0000e+00	0.0000e+00
3.9888e+00	2.4451e+00	-4.1470e-01	-2.6327e+00	0.0000e+00	0.0000e+00
4.2582e+00	2.4451e+00	-4.6707e-01	-2.9080e+00	0.0000e+00	0.0000e+00
4.5276e+00	2.4451e+00	-1.8887e-01	-2.7025e+00	0.0000e+00	0.0000e+00
4.7969e+00	2.4451e+00	-1.9577e-01	-2.7450e+00	0.0000e+00	0.0000e+00
5.0663e+00	2.4451e+00	-1.4123e-01	-2.6621e+00	0.0000e+00	0.0000e+00
2.1757e-01	2.1757e+00	-5.1878e-01	-2.5361e+00	0.0000e+00	0.0000e+00
4.8695e-01	2.1757e+00	-4.6128e-02	-3.0527e+00	0.0000e+00	0.0000e+00
7.5632e-01	2.1757e+00	-1.5128e-03	-2.9418e+00	0.0000e+00	0.0000e+00
1.0257e+00	2.1757e+00	-5.2518e-02	-2.8043e+00	1.0000e+00	0.0000e+00
1.2951e+00	2.1757e+00	-3.4550e-02	-2.7164e+00	0.0000e+00	0.0000e+00
1.5644e+00	2.1757e+00	6.1279e-02	-3.0081e+00	0.0000e+00	0.0000e+00
1.8338e+00	2.1757e+00	-4.4341e-01	-3.1744e+00	0.0000e+00	0.0000e+00
2.1032e+00	2.1757e+00	-9.0247e-02	-3.0497e+00	0.0000e+00	0.0000e+00
2.3726e+00	2.1757e+00	5.8641e-02	-3.0709e+00	0.0000e+00	0.0000e+00
2.6419e+00	2.1757e+00	-1.1685e-01	-2.7616e+00	1.0000e+00	0.0000e+00
2.9113e+00	2.1757e+00	-1.5806e-01	-2.7232e+00	1.0000e+00	0.0000e+00
3.1807e+00	2.1757e+00	-3.7740e-01	-2.4674e+00	0.0000e+00	0.0000e+00
3.4501e+00	2.1757e+00	-4.3265e-01	-2.4723e+00	0.0000e+00	0.0000e+00
3.7194e+00	2.1757e+00	-3.7932e-01	-2.6623e+00	0.0000e+00	0.0000e+00
3.9888e+00	2.1757e+00	-2.1399e-01	-2.7823e+00	0.0000e+00	0.0000e+00
4.2582e+00	2.1757e+00	-5.3822e-02	-2.8090e+00	0.0000e+00	0.0000e+00
4.5276e+00	2.1757e+00	1.5781e-02	-2.5789e+00	0.0000e+00	0.0000e+00
4.7969e+00	2.1757e+00	-3.1833e-02	-2.5732e+00	0.0000e+00	0.0000e+00
5.0663e+00	2.1757e+00	3.8572e-02	-2.6574e+00	0.0000e+00	0.0000e+00
2.1757e-01	1.9063e+00	-5.5594e-01	-2.4443e+00	0.0000e+00	0.0000e+00
4.8695e-01	1.9063e+00	-6.9225e-03	-2.7201e+00	1.0000e+00	0.0000e+00
7.5632e-01	1.9063e+00	8.9709e-02	-2.6991e+00	0.0000e+00	0.0000e+00
1.0257e+00	1.9063e+00	5.4187e-02	-2.7482e+00	0.0000e+00	0.0000e+00
1.2951e+00	1.9063e+00	-5.8563e-02	-2.8410e+00	0.0000e+00	0.0000e+00
1.5644e+00	1.9063e+00	-1.0015e-01	-3.1158e+00	0.0000e+00	0.0000e+00
1.8338e+00	1.9063e+00	6.2255e-02	-2.9552e+00	0.0000e+00	0.0000e+00
2.1032e+00	1.9063e+00	9.5712e-02	-2.7828e+00	0.0000e+00	0.0000e+00
2.3726e+00	1.9063e+00	1.0511e-01	-3.0477e+00	0.0000e+00	0.0000e+00
2.6419e+00	1.9063e+00	1.9828e-01	-2.7214e+00	0.0000e+00	0.0000e+00
2.9113e+00	1.9063e+00	-3.2238e-01	-2.5751e+00	0.0000e+00	0.0000e+00
3.1807e+00	1.9063e+00	-4.7919e-01	-2.5375e+00	0.0000e+00	0.0000e+00
3.4501e+00	1.9063e+00	-4.5253e-01	-2.3727e+00	0.0000e+00	0.0000e+00
3.7194e+00	1.9063e+00	-4.0481e-01	-2.3978e+00	0.0000e+00	0.0000e+00
3.9888e+00	1.9063e+00	-2.9755e-01	-2.4902e+00	0.0000e+00	0.0000e+00
4.2582e+00	1.9063e+00	-9.3382e-02	-2.6290e+00	0.0000e+00	0.0000e+00
4.5276e+00	1.9063e+00	-2.0926e-02	-2.6352e+00	0.0000e+00	0.0000e+00
4.7969e+00	1.9063e+00	5.2544e-02	-2.5613e+00	0.0000e+00	0.0000e+00
5.0663e+00	1.9063e+00	4.1315e-02	-2.5158e+00	0.0000e+00	0.0000e+00
2.1757e-01	1.6370e+00	-3.9965e-01	-2.4336e+00	0.0000e+00	0.0000e+00
4.8695e-01	1.6370e+00	-1.6438e-01	-2.5523e+00	0.0000e+00	0.0000e+00
7.5632e-01	1.6370e+00	-4.4765e-01	-2.6491e+00	0.0000e+00	0.0000e+00
1.0257e+00	1.6370e+00	-2.7359e-01	-2.7584e+00	0.0000e+00	0.0000e+00
1.2951e+00	1.6370e+00	2.0089e-02	-2.7863e+00	1.0000e+00	0.0000e+00
1.5644e+00	1.6370e+00	2.7584e-02	-2.8064e+00	1.0000e+00	0.0000e+00
1.8338e+00	1.6370e+00	3.3985e-02	-2.9449e+00	0.0000e+00	0.0000e+00
2.1032e+00	1.6370e+00	-6.6189e-02	-2.7861e+00	0.0000e+00	0.0000e+00
2.3726e+00	1.6370e+00	3.3530e-02	-2.9582e+00	0.0000e+00	0.0000e+00
2.6419e+00	1.6370e+00	-4.7733e-02	-2.8026e+00	0.0000e+00	0.0000e+00
2.9113e+00	1.6370e+00	-1.4419e-01	-2.5984e+00	0.0000e+00	0.0000e+00
3.1807e+00	1.6370e+00	-3.5016e-01	-2.4597e+00	0.0000e+00	0.0000e+00
3.4501e+00	1.6370e+00	-4.0041e-01	-2.5651e+00	0.0000e+00	0.0000e+00
3.7194e+00	1.6370e+00	-3.7319e-01	-2.5415e+00	0.0000e+00	0.0000e+00
3.9888e+00	1.6370e+00	-4.7918e-01	-2.5556e+00	0.0000e+00	0.0000e+00
4.2582e+00	1.6370e+00	-6.7253e-02	-2.5089e+00	0.0000e+00	0.0000e+00
4.5276e+00	1.6370e+00	-2.0907e-02	-2.5873e+00	0.0000e+00	0.0000e+00
4.7969e+00	1.6370e+00	3.4808e-02	-2.5664e+00	0.0000e+00	0.0000e+00
5.0663e+00	1.6370e+00	-8.7533e-03	-2.5067e+00	0.0000e+00	0.0000e+00
2.1757e-01	1.3676e+00	6.0236e-01	-2.2640e+00	0.0000e+00	0.0000e+00
4.8695e-01	1.3676e+00	-5.7722e-02	-2.5897e+00	0.0000e+00	0.0000e+00
7.5632e-01	1.3676e+00	-2.3541e-01	-2.7055e+00	0.0000e+00	0.0000e+00
1.0257e+00	1.3676e+00	-4.1401e-01	-2.6586e+00	0.0000e+00	0.0000e+00
1.2951e+00	1.3676e+00	-1.5222e-01	-3.2151e+00	0.0000e+00	0.0000e+00
1.5644e+00	1.3676e+00	-2.1262e-01	-2.4533e+00	0.0000e+00	0.0000e+00
1.8338e+00	1.3676e+00	-3.5726e-03	-2.8875e+00	0.0000e+00	0.0000e+00
2.1032e+00	1.3676e+00	-1.4519e-01	-2.6139e+00	0.0000e+00	0.0000e+00
2.3726e+00	1.3676e+00	2.8052e-01	-2.6348e+00	0.0000e+00	0.0000e+00
2.6419e+00	1.3676e+00	-2.1753e-02	-2.9097e+00	0.0000e+00	0.0000e+00
2.9113e+00	1.3676e+00	2.3107e-01	-2.2385e+00	0.0000e+00	0.0000e+00
3.1807e+00	1.3676e+00	1.4615e-01	-2.4486e+00	0.0000e+00	0.0000e+00
3.4501e+00	1.3676e+00	-1.0003e-01	-2.6217e+00	0.0000e+00	0.0000e+00
3.7194e+00	1.3676e+00	-2.5221e-01	-2.6477e+00	0.0000e+00	0.0000e+00
3.9888e+00	1.3676e+00	-3.6706e-01	-2.6331e+00	0.0000e+00	0.0000e+00
4.2582e+00	1.3676e+00	-2.7845e-01	-2.6105e+00	0.0000e+00	0.0000e+00
4.5276e+00	1.3676e+00	-1.7524e-01	-2.6856e+00	0.0000e+00	0.0000e+00
4.7969e+00	1.3676e+00	-1.4933e-01	-2.7271e+00	0.0000e+00	0.0000e+00
5.0663e+00	1.3676e+00	-8.3539e-02	-2.2703e+00	0.0000e+00	0.0000e+00
2.1757e-01	1.0982e+00	5.3469e-01	-2.6586e+00	0.0000e+00	0.0000e+00
4.8695e-01	1.0982e+00	7.8011e-02	-2.7132e+00	0.0000e+00	0.0000e+00
7.5632e-01	1.0982e+00	3.7387e-02	-2.8008e+00	0.0000e+00	0.0000e+00
1.0257e+00	1.0982e+00	2.9836e-01	-2.4865e+00	0.0000e+00	0.0000e+00
1.2951e+00	1.0982e+00	4.6454e-01	-2.5458e+00	0.0000e+00	0.0000e+00
1.5644e+00	1.0982e+00	4.3870e-01	-2.4149e+00	0.0000e+00	0.0000e+00
1.8338e+00	1.0982e+00	1.9434e-01	-2.7353e+00	0.0000e+00	0.0000e+00
2.1032e+00	1.0982e+00	1.2760e-01	-2.5492e+00	0.0000e+00	0.0000e+00
2.3726e+00	1.0982e+00	7.6416e-02	-2.7073e+00	0.0000e+00	0.0000e+00
2.6419e+00	1.0982e+00	-9.3918e-02	-2.6028e+00	0.0000e+00	0.0000e+00
2.9113e+00	1.0982e+00	-1.7231e-01	-2.1159e+00	0.0000e+00	0.0000e+00
3.1807e+00	1.0982e+00	-3.6412e-01	-2.3224e+00	0.0000e+00	0.0000e+00
3.4501e+00	1.0982e+00	-5.1212e-02	-2.7220e+00	0.0000e+00	0.0000e+00
3.7194e+00	1.0982e+00	-3.5526e-01	-2.6587e+00	0.0000e+00	0.0000e+00
3.9888e+00	1.0982e+00	-8.7883e-02	-2.5749e+00	0.0000e+00	0.0000e+00
4.2582e+00	1.0982e+00	-1.8053e-02	-2.6192e+00	0.0000e+00	0.0000e+00
4.5276e+00	1.0982e+00	4.0143e-02	-2.6087e+00	0.0000e+00	0.0000e+00
4.7969e+00	1.0982e+00	-5.0470e-02	-2.6354e+00	0.0000e+00	0.0000e+00
5.0663e+00	1.0982e+00	-1.3962e-01	-2.4899e+00	0.0000e+00	0.0000e+00
2.1757e-01	8.2884e-01	1.7595e-01	-2.6124e+00	1.0000e+00	0.0000e+00
4.8695e-01	8.2884e-01	1.5750e-01	-2.6276e+00	1.0000e+00	0.0000e+00
7.5632e-01	8.2884e-01	3.6925e-01	-2.7240e+00	0.0000e+00	0.0000e+00
1.0257e+00	8.2884e-01	4.4125e-01	-2.4131e+00	0.0000e+00	0.0000e+00
1.2951e+00	8.2884e-01	1.7515e-01	-2.4452e+00	0.0000e+00	0.0000e+00
1.5644e+00	8.2884e-01	3.7623e-01	-2.4927e+00	0.0000e+00	0.0000e+00
1.8338e+00	8.2884e-01	4.7554e-02	-2.6757e+00	0.0000e+00	0.0000e+00
2.1032e+00	8.2884e-01	-1.0812e-01	-2.6441e+00	0.0000e+00	0.0000e+00
2.3726e+00	8.2884e-01	-1.8876e-01	-2.6665e+00	0.0000e+00	0.0000e+00
2.6419e+00	8.2884e-01	-3.3167e-01	-2.5916e+00	0.0000e+00	0.0000e+00
2.9113e+00	8.2884e-01	-2.5480e-01	-2.4683e+00	0.0000e+00	0.0000e+00
3.1807e+00	8.2884e-01	-2.0871e-01	-2.4917e+00	0.0000e+00	0.0000e+00
3.4501e+00	8.2884e-01	-1.6033e-01	-2.6097e+00	0.0000e+00	0.0000e+00
3.7194e+00	8.2884e-01	-1.6404e-01	-2.5113e+00	0.0000e+00	0.0000e+00
3.9888e+00	8.2884e-01	-1.9132e-01	-2.5986e+00	0.0000e+00	0.0000e+00
4.2582e+00	8.2884e-01	-1.0491e-01	-2.5468e+00	0.0000e+00	0.0000e+00
4.5276e+00	8.2884e-01	-8.1052e-02	-2.4907e+00	0.0000e+00	0.0000e+00
4.7969e+00	8.2884e-01	-1.2834e-01	-2.5031e+00	0.0000e+00	0.0000e+00
5.0663e+00	8.2884e-01	-5.8776e-02	-2.5428e+00	0.0000e+00	0.0000e+00
2.1757e-01	5.5947e-01	9.1738e-01	-2.6642e+00	0.0000e+00	0.0000e+00
4.8695e-01	5.5947e-01	2.3965e-01	-2.6257e+00	1.0000e+00	0.0000e+00
7.5632e-01	5.5947e-01	5.4089e-01	-2.5351e+00	0.0000e+00	0.0000e+00
1.0257e+00	5.5947e-01	4.2464e-01	-2.5271e+00	0.0000e+00	0.0000e+00
1.2951e+00	5.5947e-01	-1.2935e-02	-2.5591e+00	0.0000e+00	0.0000e+00
1.5644e+00	5.5947e-01	7.8430e-02	-2.4542e+00	0.0000e+00	0.0000e+00
1.8338e+00	5.5947e-01	1.9863e-02	-2.4243e+00	0.0000e+00	0.0000e+00
2.1032e+00	5.5947e-01	1.7846e-01	-2.5016e+00	0.0000e+00	0.0000e+00
2.3726e+00	5.5947e-01	4.7692e-02	-2.3875e+00	0.0000e+00	0.0000e+00
2.6419e+00	5.5947e-01	-3.4291e-02	-2.5694e+00	0.0000e+00	0.0000e+00
2.9113e+00	5.5947e-01	7.2116e-02	-2.5977e+00	0.0000e+00	0.0000e+00
3.1807e+00	5.5947e-01	-1.6938e-01	-2.4539e+00	0.0000e+00	0.0000e+00
3.4501e+00	5.5947e-01	-1.9949e-01	-2.5104e+00	0.0000e+00	0.0000e+00
3.7194e+00	5.5947e-01	-2.5365e-01	-2.6752e+00	0.0000e+00	0.0000e+00
3.9888e+00	5.5947e-01	-2.5064e-01	-2.6154e+00	0.0000e+00	0.0000e+00
4.2582e+00	5.5947e-01	-1.8824e-01	-2.5372e+00	0.0000e+00	0.0000e+00
4.5276e+00	5.5947e-01	-6.8952e-02	-2.4454e+00	0.0000e+00	0.0000e+00
4.7969e+00	5.5947e-01	1.3843e-01	-2.4306e+00	0.0000e+00	0.0000e+00
5.0663e+00	5.5947e-01	1.2061e-01	-2.5126e+00	0.0000e+00	0.0000e+00
2.1757e-01	2.9010e-01	4.1255e-01	-2.8541e+00	0.0000e+00	0.0000e+00
4.8695e-01	2.9010e-01	3.0390e-01	-2.6694e+00	0.0000e+00	0.0000e+00
7.5632e-01	2.9010e-01	3.2938e-01	-2.4551e+00	0.0000e+00	0.0000e+00
1.0257e+00	2.9010e-01	3.4684e-01	-2.7263e+00	0.0000e+00	0.0000e+00
1.2951e+00	2.9010e-01	8.6100e-03	-2.5729e+00	0.0000e+00	0.0000e+00
1.5644e+00	2.9010e-01	1.6477e-02	-2.5178e+00	0.0000e+00	0.0000e+00
1.8338e+00	2.9010e-01	9.9632e-02	-2.2279e+00	0.0000e+00	0.0000e+00
2.1032e+00	2.9010e-01	3.6272e-01	-2.4306e+00	0.0000e+00	0.0000e+00
2.3726e+00	2.9010e-01	1.8889e-01	-2.4352e+00	0.0000e+00	0.0000e+00
2.6419e+00	2.9010e-01	-6.4070e-03	-2.4026e+00	0.0000e+00	0.0000e+00
2.9113e+00	2.9010e-01	-6.7229e-02	-2.5305e+00	0.0000e+00	0.0000e+00
3.1807e+00	2.9010e-01	-2.4919e-01	-2.4725e+00	0.0000e+00	0.0000e+00
3.4501e+00	2.9010e-01	-1.6302e-01	-2.5148e+00	0.0000e+00	0.0000e+00
3.7194e+00	2.9010e-01	-2.0231e-01	-2.6162e+00	0.0000e+00	0.0000e+00
3.9888e+00	2.9010e-01	-1.0449e-01	-2.7468e+00	0.0000e+00	0.0000e+00
4.2582e+00	2.9010e-01	-8.5578e-02	-2.5835e+00	1.0000e+00	0.0000e+00
4.5276e+00	2.9010e-01	-4.2503e-02	-2.6608e+00	0.0000e+00	0.0000e+00
4.7969e+00	2.9010e-01	1.0405e-01	-2.6602e+00	0.0000e+00	0.0000e+00
5.0663e+00	2.9010e-01	3.5071e-01	-2.7175e+00	0.0000e+00	0.0000e+00
