33,5,1534.70,815.58,76.28,159.20,0.515218,-1,-1,-1
51,6,1565.83,902.14,83.72,176.07,0.534537,-1,-1,-1
51,7,1512.39,750.04,81.50,161.36,0.509143,-1,-1,-1
53,6,1556.82,894.23,85.89,180.86,0.523790,-1,-1,-1
53,7,1511.08,744.77,81.53,161.87,0.519345,-1,-1,-1
54,6,1553.06,891.54,86.57,182.64,0.528270,-1,-1,-1
55,7,1506.41,738.63,80.68,160.47,0.513324,-1,-1,-1
56,7,1505.20,735.72,80.22,160.20,0.594697,-1,-1,-1
57,7,1503.63,732.10,80.60,161.70,0.554030,-1,-1,-1
60,6,1544.88,870.82,80.32,170.56,0.507475,-1,-1,-1
61,6,1543.54,867.03,79.98,171.76,0.507299,-1,-1,-1
62,6,1542.04,864.05,79.84,173.28,0.562159,-1,-1,-1
63,6,1539.74,858.73,80.34,176.24,0.520048,-1,-1,-1
68,6,1524.64,843.89,85.98,193.28,0.545641,-1,-1,-1
69,8,10.11,752.44,71.59,187.48,0.548586,-1,-1,-1
69,6,1522.74,840.89,85.66,196.78,0.514538,-1,-1,-1
70,8,6.63,749.44,71.83,188.09,0.520994,-1,-1,-1
73,6,1506.61,829.03,84.98,197.68,0.552575,-1,-1,-1
74,6,1503.89,824.67,83.93,198.02,0.579515,-1,-1,-1
75,6,1502.85,820.46,81.81,195.80,0.501510,-1,-1,-1
77,6,1501.69,812.88,77.60,187.13,0.529660,-1,-1,-1
78,6,1500.05,809.12,76.36,185.78,0.571067,-1,-1,-1
80,7,1473.71,672.18,77.79,157.54,0.504459,-1,-1,-1
81,7,1473.35,668.80,77.56,159.21,0.544687,-1,-1,-1
82,7,1473.49,665.87,76.90,160.06,0.593031,-1,-1,-1
83,7,1474.08,663.26,75.79,160.41,0.560196,-1,-1,-1
84,7,1474.40,660.96,74.34,159.46,0.538107,-1,-1,-1
86,7,1474.90,653.49,72.18,156.05,0.534687,-1,-1,-1
87,7,1474.05,652.12,70.67,153.34,0.510610,-1,-1,-1
97,7,1470.52,624.34,65.77,143.34,0.534440,-1,-1,-1
117,12,75.13,943.86,82.80,136.14,0.530533,-1,-1,-1
118,12,74.80,940.58,84.16,138.51,0.675470,-1,-1,-1
119,12,73.72,936.64,86.21,142.18,0.509224,-1,-1,-1
120,12,73.60,933.31,88.04,145.56,0.547400,-1,-1,-1
123,13,1373.72,937.60,92.46,142.39,0.555954,-1,-1,-1
123,12,70.80,920.21,94.93,158.69,0.540472,-1,-1,-1
124,13,1372.45,933.85,94.75,146.02,0.531178,-1,-1,-1
124,12,70.56,916.89,95.92,162.46,0.505086,-1,-1,-1
125,12,70.87,910.86,97.96,168.55,0.599117,-1,-1,-1
126,12,72.42,904.89,99.49,174.58,0.651114,-1,-1,-1
126,13,1367.01,925.32,99.92,154.56,0.518849,-1,-1,-1
127,12,73.13,901.43,99.84,178.18,0.617571,-1,-1,-1
127,13,1364.37,919.61,103.03,160.19,0.599628,-1,-1,-1
128,12,73.40,895.37,101.47,184.31,0.585340,-1,-1,-1
128,13,1362.39,915.25,105.03,164.53,0.591977,-1,-1,-1
129,12,73.47,889.32,102.97,190.25,0.652726,-1,-1,-1
129,13,1360.27,910.97,106.84,168.82,0.649888,-1,-1,-1
130,12,74.08,883.64,103.70,195.25,0.633860,-1,-1,-1
130,13,1358.98,907.14,108.21,172.68,0.644173,-1,-1,-1
131,12,74.91,877.77,104.18,200.06,0.596602,-1,-1,-1
131,13,1356.72,903.18,109.47,176.66,0.626875,-1,-1,-1
132,12,75.19,874.03,104.14,203.78,0.559220,-1,-1,-1
132,13,1354.84,899.19,110.67,180.67,0.624722,-1,-1,-1
133,12,75.36,870.75,103.45,206.21,0.538077,-1,-1,-1
133,13,1353.54,894.49,111.78,185.24,0.612264,-1,-1,-1
134,12,76.33,866.21,103.18,209.33,0.532310,-1,-1,-1
134,13,1352.21,890.26,112.67,189.41,0.573442,-1,-1,-1
135,12,77.47,862.39,102.28,211.01,0.569947,-1,-1,-1
135,13,1348.81,885.33,114.19,194.10,0.643374,-1,-1,-1
136,12,78.65,859.43,100.91,211.87,0.621813,-1,-1,-1
136,13,1345.22,880.04,115.88,198.69,0.619521,-1,-1,-1
137,12,79.62,860.96,99.45,213.08,0.573717,-1,-1,-1
137,13,1342.65,875.37,116.26,200.93,0.587970,-1,-1,-1
138,12,80.30,857.75,97.35,212.26,0.584437,-1,-1,-1
138,13,1341.78,872.16,115.21,200.43,0.564736,-1,-1,-1
139,12,79.73,852.40,98.12,218.36,0.557957,-1,-1,-1
140,12,78.44,847.32,98.62,224.93,0.503308,-1,-1,-1
140,13,1338.02,865.30,117.19,206.11,0.551415,-1,-1,-1
141,13,1337.02,862.93,117.48,209.13,0.562023,-1,-1,-1
142,13,1336.76,860.12,117.63,212.52,0.614558,-1,-1,-1
143,13,1336.71,858.59,116.93,214.85,0.556794,-1,-1,-1
144,13,1336.29,854.83,117.62,220.05,0.545381,-1,-1,-1
145,13,1334.96,851.21,116.75,222.55,0.552572,-1,-1,-1
146,13,1335.69,847.56,114.09,221.12,0.558132,-1,-1,-1
147,13,1335.64,843.65,111.44,219.79,0.592627,-1,-1,-1
148,13,1335.48,840.65,108.74,217.98,0.593409,-1,-1,-1
149,13,1335.76,837.35,105.34,213.41,0.530613,-1,-1,-1
150,13,1337.15,833.65,100.99,205.68,0.535646,-1,-1,-1
151,12,87.30,811.07,88.36,206.39,0.517214,-1,-1,-1
152,15,1497.64,938.26,81.91,141.52,0.567453,-1,-1,-1
152,12,88.84,808.90,86.36,205.65,0.576915,-1,-1,-1
153,15,1494.82,933.46,84.59,146.29,0.547413,-1,-1,-1
154,15,1492.24,930.18,86.46,149.76,0.595737,-1,-1,-1
155,15,1488.80,925.50,88.84,154.46,0.556845,-1,-1,-1
156,15,1485.45,923.37,89.74,156.63,0.570754,-1,-1,-1
157,15,1482.11,921.70,90.20,158.30,0.560141,-1,-1,-1
158,15,1479.09,920.11,90.30,159.75,0.532409,-1,-1,-1
159,15,1474.61,915.17,91.96,164.14,0.575973,-1,-1,-1
160,15,1471.41,910.59,93.31,168.48,0.573082,-1,-1,-1
161,15,1469.12,907.09,94.09,172.03,0.567605,-1,-1,-1
162,15,1467.43,903.84,94.51,175.08,0.532227,-1,-1,-1
163,15,1465.29,899.10,95.81,180.33,0.533071,-1,-1,-1
163,12,91.84,769.02,83.60,202.68,0.511632,-1,-1,-1
164,15,1463.47,894.62,96.56,184.93,0.578638,-1,-1,-1
165,15,1461.23,889.43,97.60,190.26,0.569279,-1,-1,-1
167,15,1458.09,883.25,97.11,193.09,0.590660,-1,-1,-1
168,15,1457.25,881.30,95.89,194.86,0.529187,-1,-1,-1
169,15,1455.95,879.58,94.88,197.27,0.591870,-1,-1,-1
171,18,972.15,809.78,78.60,165.03,0.537458,-1,-1,-1
171,15,1451.99,875.58,94.84,202.45,0.559381,-1,-1,-1
172,18,973.06,808.30,77.87,163.32,0.511620,-1,-1,-1
172,15,1450.86,872.89,93.93,205.42,0.541113,-1,-1,-1
172,12,86.23,738.64,75.41,183.21,0.517115,-1,-1,-1
175,15,1448.62,859.90,90.75,202.76,0.504408,-1,-1,-1
176,15,1448.02,855.51,88.50,200.92,0.530413,-1,-1,-1
176,12,82.12,724.48,77.74,193.60,0.522914,-1,-1,-1
177,15,1447.87,849.49,85.48,196.70,0.509290,-1,-1,-1
178,15,1446.90,844.81,84.23,196.08,0.505166,-1,-1,-1
178,13,1325.98,749.21,93.67,192.92,0.607241,-1,-1,-1
180,12,81.39,715.09,78.26,198.86,0.507175,-1,-1,-1
180,13,1324.67,740.68,93.68,192.65,0.512448,-1,-1,-1
183,20,58.27,925.68,83.51,153.26,0.637034,-1,-1,-1
183,15,1431.73,833.62,85.36,199.55,0.533670,-1,-1,-1
184,20,57.60,923.64,84.47,154.90,0.676782,-1,-1,-1
184,15,1428.37,831.98,85.93,201.18,0.552444,-1,-1,-1
185,20,56.47,919.92,86.42,158.30,0.687393,-1,-1,-1
185,15,1426.54,828.93,87.37,207.79,0.566821,-1,-1,-1
186,20,55.64,916.18,88.33,161.89,0.665042,-1,-1,-1
186,15,1424.69,824.65,87.04,209.60,0.632572,-1,-1,-1
187,20,54.69,912.13,90.00,165.38,0.651157,-1,-1,-1
187,15,1424.07,821.31,86.10,210.20,0.577397,-1,-1,-1
188,20,52.98,906.78,92.33,170.44,0.615528,-1,-1,-1
188,15,1423.75,817.43,82.95,203.11,0.532051,-1,-1,-1
189,20,52.75,903.43,93.97,174.15,0.645552,-1,-1,-1
189,15,1422.26,811.06,82.30,203.24,0.514564,-1,-1,-1
190,20,51.75,898.51,96.43,179.75,0.620950,-1,-1,-1
190,15,1423.30,808.24,78.38,194.28,0.573999,-1,-1,-1
191,20,52.12,894.29,98.00,183.77,0.641317,-1,-1,-1
191,15,1422.60,804.60,77.55,192.67,0.592001,-1,-1,-1
192,20,51.73,889.13,99.95,189.23,0.588825,-1,-1,-1
192,15,1422.45,801.13,76.70,190.85,0.601413,-1,-1,-1
193,20,51.16,884.31,101.46,194.21,0.603100,-1,-1,-1
193,15,1420.05,797.57,77.39,193.37,0.595707,-1,-1,-1
194,20,50.08,880.92,101.53,196.62,0.563155,-1,-1,-1
194,15,1417.87,794.53,78.44,197.23,0.534291,-1,-1,-1
195,20,49.76,878.33,101.53,198.92,0.601247,-1,-1,-1
195,15,1414.46,790.75,80.25,203.48,0.543938,-1,-1,-1
196,20,50.53,876.44,101.12,200.59,0.516338,-1,-1,-1
196,15,1411.74,785.18,82.09,210.79,0.572300,-1,-1,-1
197,20,51.90,874.40,101.18,202.91,0.644051,-1,-1,-1
197,15,1410.49,781.85,81.97,213.12,0.632748,-1,-1,-1
198,20,53.41,870.44,101.10,204.46,0.507213,-1,-1,-1
198,15,1409.73,779.51,81.31,214.17,0.620301,-1,-1,-1
199,15,1409.70,777.83,79.83,212.45,0.609588,-1,-1,-1
200,15,1408.94,776.83,78.54,210.78,0.652076,-1,-1,-1
201,15,1409.44,773.35,76.34,205.91,0.639634,-1,-1,-1
202,15,1410.05,768.78,74.41,201.17,0.578167,-1,-1,-1
202,24,1579.68,930.85,73.22,148.77,0.524455,-1,-1,-1
203,15,1410.16,764.75,72.46,195.20,0.631950,-1,-1,-1
203,24,1577.81,928.17,74.23,150.70,0.541955,-1,-1,-1
203,20,63.75,851.82,94.22,192.72,0.543802,-1,-1,-1
204,15,1410.02,760.24,71.23,190.82,0.619451,-1,-1,-1
204,24,1575.43,924.96,75.87,153.81,0.636510,-1,-1,-1
204,25,1023.01,861.77,77.70,181.04,0.563542,-1,-1,-1
205,15,1409.13,757.51,71.44,190.14,0.625980,-1,-1,-1
205,24,1571.65,921.19,77.92,157.70,0.573534,-1,-1,-1
205,25,1024.56,862.63,75.91,176.66,0.512351,-1,-1,-1
205,20,62.18,845.24,93.41,196.34,0.517402,-1,-1,-1
206,15,1406.33,755.88,72.82,193.01,0.550785,-1,-1,-1
206,20,61.99,842.64,92.57,199.01,0.511951,-1,-1,-1
207,15,1403.03,752.08,74.46,196.70,0.602704,-1,-1,-1
207,24,1565.21,913.69,82.10,165.78,0.541114,-1,-1,-1
208,15,1399.40,747.93,76.99,202.77,0.641372,-1,-1,-1
208,24,1563.32,908.15,84.85,171.07,0.646842,-1,-1,-1
209,15,1397.04,745.13,78.45,206.22,0.550296,-1,-1,-1
209,24,1559.14,901.58,87.02,176.28,0.628277,-1,-1,-1
210,15,1395.71,742.91,79.20,208.89,0.564711,-1,-1,-1
210,24,1556.53,897.40,88.30,180.15,0.639754,-1,-1,-1
211,15,1394.88,740.84,78.78,209.03,0.562151,-1,-1,-1
211,24,1551.03,890.77,90.16,186.05,0.661939,-1,-1,-1
212,15,1394.07,738.47,77.47,207.04,0.573903,-1,-1,-1
212,24,1547.86,886.34,91.29,190.44,0.696047,-1,-1,-1
212,20,63.15,826.32,86.98,190.79,0.512885,-1,-1,-1
213,15,1393.04,736.76,75.55,202.80,0.540784,-1,-1,-1
213,24,1545.37,882.98,92.17,194.02,0.700696,-1,-1,-1
213,20,63.37,823.71,84.13,186.22,0.538298,-1,-1,-1
214,15,1392.07,734.09,74.50,201.02,0.525317,-1,-1,-1
214,24,1541.72,879.74,93.37,197.70,0.700822,-1,-1,-1
215,15,1390.86,730.85,72.71,195.45,0.583248,-1,-1,-1
215,24,1537.99,875.86,94.58,201.37,0.659363,-1,-1,-1
215,20,64.25,815.04,82.07,182.63,0.583257,-1,-1,-1
216,15,1389.40,726.80,70.96,189.50,0.570806,-1,-1,-1
216,24,1534.21,873.79,95.06,203.24,0.655187,-1,-1,-1
216,28,442.25,937.19,84.90,142.57,0.517935,-1,-1,-1
216,20,63.25,810.30,81.34,181.93,0.570169,-1,-1,-1
217,15,1387.91,722.04,70.76,188.01,0.561323,-1,-1,-1
217,24,1529.96,871.32,95.92,205.79,0.669347,-1,-1,-1
218,15,1387.17,718.49,70.15,185.87,0.566716,-1,-1,-1
218,24,1525.96,868.70,96.25,207.93,0.653061,-1,-1,-1
219,15,1386.05,716.22,69.56,183.73,0.591942,-1,-1,-1
219,24,1524.32,864.73,96.15,210.42,0.651488,-1,-1,-1
220,15,1383.95,713.25,70.85,187.13,0.609511,-1,-1,-1
220,24,1522.10,861.51,95.74,211.73,0.612722,-1,-1,-1
221,15,1382.48,710.23,71.92,190.37,0.620324,-1,-1,-1
221,24,1519.83,857.98,94.37,210.48,0.599678,-1,-1,-1
222,15,1381.66,707.26,72.74,193.23,0.661040,-1,-1,-1
222,24,1517.75,853.32,91.74,206.19,0.654723,-1,-1,-1
222,20,60.23,793.23,86.04,192.88,0.518337,-1,-1,-1
223,15,1380.02,702.23,73.86,197.52,0.655786,-1,-1,-1
223,24,1517.13,846.42,90.07,203.37,0.626589,-1,-1,-1
224,15,1378.94,698.59,74.40,200.43,0.629793,-1,-1,-1
224,24,1516.55,842.02,87.54,198.67,0.623627,-1,-1,-1
224,20,62.22,784.34,85.99,191.77,0.596584,-1,-1,-1
225,15,1377.17,695.66,74.49,202.18,0.599156,-1,-1,-1
225,24,1515.54,836.37,86.46,197.62,0.655642,-1,-1,-1
225,20,63.62,780.57,84.57,188.52,0.518552,-1,-1,-1
226,15,1376.42,693.63,74.09,202.58,0.593563,-1,-1,-1
226,24,1514.50,831.99,86.32,198.69,0.706913,-1,-1,-1
226,20,63.89,776.11,82.96,185.80,0.523158,-1,-1,-1
227,15,1375.54,691.40,73.51,202.40,0.625755,-1,-1,-1
227,24,1512.46,828.02,87.05,202.21,0.714782,-1,-1,-1
228,15,1374.14,687.38,73.86,204.64,0.640428,-1,-1,-1
228,24,1510.65,825.25,87.55,205.35,0.715827,-1,-1,-1
228,20,61.17,768.52,81.95,185.53,0.548604,-1,-1,-1
229,15,1374.66,681.77,73.32,204.45,0.618208,-1,-1,-1
229,24,1509.03,822.96,86.61,205.77,0.728693,-1,-1,-1
229,20,58.93,763.31,82.35,187.98,0.513185,-1,-1,-1
230,15,1374.79,678.15,71.58,199.75,0.647910,-1,-1,-1
230,24,1507.40,820.21,86.17,207.23,0.696341,-1,-1,-1
230,20,57.36,759.22,83.10,191.68,0.507480,-1,-1,-1
231,15,1374.35,674.53,69.38,192.97,0.625557,-1,-1,-1
231,24,1503.25,818.07,85.89,207.60,0.707272,-1,-1,-1
231,20,56.64,756.98,82.77,192.77,0.527153,-1,-1,-1
232,15,1373.70,671.65,67.76,187.38,0.660656,-1,-1,-1
232,24,1500.53,816.40,85.24,206.57,0.705270,-1,-1,-1
232,20,55.27,753.82,82.82,194.76,0.522742,-1,-1,-1
233,15,1371.88,668.45,67.49,185.62,0.648990,-1,-1,-1
233,24,1497.58,813.72,84.33,205.17,0.714641,-1,-1,-1
234,15,1370.30,665.39,69.15,189.79,0.647305,-1,-1,-1
234,24,1495.68,810.57,83.86,204.78,0.726515,-1,-1,-1
235,15,1366.98,661.49,70.48,192.47,0.611158,-1,-1,-1
235,24,1493.96,804.99,84.49,206.97,0.663225,-1,-1,-1
236,15,1364.05,657.82,71.97,195.83,0.579310,-1,-1,-1
236,24,1494.34,799.96,79.99,194.47,0.633819,-1,-1,-1
237,24,1493.49,795.14,79.18,191.40,0.590564,-1,-1,-1
238,24,1491.60,790.49,78.68,189.23,0.622846,-1,-1,-1
239,24,1490.59,786.66,78.14,186.88,0.646535,-1,-1,-1
239,15,1359.19,652.02,73.21,199.69,0.505316,-1,-1,-1
240,24,1489.32,783.33,79.49,189.23,0.660246,-1,-1,-1
241,24,1487.30,780.77,79.83,188.70,0.607824,-1,-1,-1
241,20,39.76,718.42,78.01,187.02,0.526728,-1,-1,-1
242,24,1485.92,778.64,81.26,191.08,0.685124,-1,-1,-1
242,20,38.54,714.64,77.87,189.44,0.539642,-1,-1,-1
242,15,1355.42,643.38,71.35,195.54,0.515555,-1,-1,-1
243,24,1484.97,775.55,82.10,192.75,0.708501,-1,-1,-1
243,20,38.40,711.35,77.73,191.26,0.551480,-1,-1,-1
243,15,1354.48,637.95,71.02,194.99,0.513857,-1,-1,-1
244,24,1482.94,771.97,83.14,195.12,0.722164,-1,-1,-1
244,20,38.27,708.04,78.00,192.95,0.547138,-1,-1,-1
244,15,1354.25,633.55,68.86,187.79,0.571523,-1,-1,-1
245,24,1479.37,768.96,84.30,197.86,0.706272,-1,-1,-1
245,20,37.54,706.76,77.96,193.57,0.536306,-1,-1,-1
245,15,1353.54,631.26,68.02,184.50,0.536831,-1,-1,-1
246,24,1477.20,765.05,85.00,200.32,0.692994,-1,-1,-1
246,15,1352.60,629.36,66.65,180.07,0.511402,-1,-1,-1
247,24,1476.01,761.82,84.77,201.07,0.691791,-1,-1,-1
247,15,1350.20,620.54,69.03,186.57,0.504058,-1,-1,-1
248,24,1474.07,756.54,84.96,203.07,0.688742,-1,-1,-1
248,15,1348.75,618.09,69.27,187.34,0.557388,-1,-1,-1
249,24,1472.15,752.04,84.18,202.61,0.685309,-1,-1,-1
250,24,1470.76,746.60,83.82,203.22,0.701721,-1,-1,-1
250,15,1345.51,613.59,70.37,190.77,0.524293,-1,-1,-1
251,24,1470.81,742.32,80.31,195.13,0.667897,-1,-1,-1
251,15,1343.37,612.27,70.72,192.43,0.594631,-1,-1,-1
252,24,1469.75,739.37,78.35,190.28,0.608105,-1,-1,-1
252,15,1341.61,610.90,70.83,193.19,0.547898,-1,-1,-1
253,24,1469.99,736.25,76.20,185.37,0.635138,-1,-1,-1
253,15,1340.50,606.81,71.12,194.53,0.606271,-1,-1,-1
254,24,1469.51,732.48,75.66,184.40,0.610670,-1,-1,-1
254,15,1340.53,604.23,70.58,193.37,0.590609,-1,-1,-1
255,24,1467.61,728.19,76.87,188.11,0.685431,-1,-1,-1
256,24,1465.65,723.01,78.65,193.15,0.664865,-1,-1,-1
257,24,1463.24,719.24,79.56,196.46,0.663937,-1,-1,-1
257,15,1338.29,590.12,69.22,190.08,0.530935,-1,-1,-1
258,24,1461.91,716.68,80.01,199.09,0.717694,-1,-1,-1
258,15,1337.71,585.49,68.14,186.86,0.535090,-1,-1,-1
259,24,1460.59,714.35,79.47,198.82,0.698857,-1,-1,-1
259,15,1336.61,580.38,67.87,185.37,0.602709,-1,-1,-1
260,24,1458.36,712.40,79.21,198.65,0.675786,-1,-1,-1
260,15,1335.58,576.63,67.47,183.44,0.554745,-1,-1,-1
261,24,1456.41,708.63,78.84,198.05,0.658707,-1,-1,-1
261,15,1334.37,574.45,67.70,183.14,0.555527,-1,-1,-1
262,24,1455.38,703.28,79.51,200.05,0.657526,-1,-1,-1
262,15,1332.61,570.90,69.21,186.31,0.510634,-1,-1,-1
263,24,1453.87,699.19,79.84,201.42,0.610206,-1,-1,-1
264,24,1454.13,695.34,78.92,199.50,0.640823,-1,-1,-1
264,15,1329.59,565.86,70.26,189.10,0.506756,-1,-1,-1
265,24,1455.41,689.77,76.85,194.15,0.599018,-1,-1,-1
266,24,1455.65,684.60,74.61,187.91,0.684344,-1,-1,-1
266,15,1327.24,559.21,71.40,193.43,0.530438,-1,-1,-1
267,24,1455.19,678.33,73.56,184.70,0.674748,-1,-1,-1
268,24,1454.07,673.78,73.70,184.45,0.694629,-1,-1,-1
269,24,1452.61,671.40,74.33,185.40,0.691201,-1,-1,-1
270,24,1450.80,668.79,75.63,188.26,0.740588,-1,-1,-1
271,24,1448.41,666.55,77.08,191.54,0.735265,-1,-1,-1
272,24,1446.58,663.64,78.25,194.09,0.755246,-1,-1,-1
272,15,1318.73,537.89,67.45,181.65,0.504176,-1,-1,-1
273,24,1444.27,661.26,79.07,195.79,0.695136,-1,-1,-1
274,24,1442.90,659.02,78.86,194.69,0.645813,-1,-1,-1
275,24,1439.89,656.48,79.30,194.94,0.609777,-1,-1,-1
276,24,1438.68,653.77,79.28,194.70,0.580017,-1,-1,-1
277,24,1436.81,650.94,78.57,193.39,0.554820,-1,-1,-1
278,24,1436.48,648.23,77.28,190.25,0.590621,-1,-1,-1
279,24,1437.11,645.97,74.98,184.49,0.632292,-1,-1,-1
280,24,1437.79,642.93,73.02,179.13,0.621689,-1,-1,-1
281,24,1437.47,639.03,72.52,177.91,0.611888,-1,-1,-1
282,24,1437.75,636.73,72.07,176.98,0.561733,-1,-1,-1
283,24,1437.65,633.04,72.77,179.34,0.659134,-1,-1,-1
284,24,1437.44,631.38,73.12,181.21,0.670962,-1,-1,-1
284,33,503.16,828.39,76.63,178.20,0.503302,-1,-1,-1
285,24,1436.61,630.07,73.48,183.47,0.670818,-1,-1,-1
286,24,1435.71,627.68,74.14,186.34,0.666716,-1,-1,-1
287,24,1434.42,625.06,73.92,187.11,0.663118,-1,-1,-1
288,24,1433.60,621.74,74.12,188.59,0.637911,-1,-1,-1
289,24,1432.41,619.53,74.05,188.56,0.647034,-1,-1,-1
289,35,687.58,774.47,92.87,208.71,0.577935,-1,-1,-1
289,36,12.53,404.17,71.91,164.41,0.506774,-1,-1,-1
290,24,1433.16,616.30,73.27,186.27,0.600426,-1,-1,-1
290,35,689.15,773.33,92.94,209.02,0.531285,-1,-1,-1
291,24,1433.92,613.79,73.04,185.25,0.620126,-1,-1,-1
292,24,1434.84,610.97,72.99,184.43,0.607225,-1,-1,-1
293,24,1436.00,607.72,71.82,180.57,0.585575,-1,-1,-1
294,24,1436.37,602.96,72.30,180.38,0.621177,-1,-1,-1
295,24,1436.21,597.97,72.78,180.90,0.581818,-1,-1,-1
296,24,1436.59,594.70,72.70,180.23,0.519616,-1,-1,-1
297,24,1436.46,591.86,73.25,181.32,0.578176,-1,-1,-1
298,24,1436.58,589.26,74.34,183.93,0.585590,-1,-1,-1
299,24,1436.33,587.23,75.02,186.07,0.618277,-1,-1,-1
300,24,1435.70,585.48,75.26,186.63,0.662798,-1,-1,-1
301,24,1435.34,583.90,75.28,187.26,0.689674,-1,-1,-1
302,24,1434.46,581.36,75.63,188.90,0.633919,-1,-1,-1
303,24,1433.15,578.98,75.58,190.10,0.631258,-1,-1,-1
304,24,1432.46,577.15,75.15,190.19,0.614889,-1,-1,-1
304,38,1049.19,958.34,70.81,121.63,0.542330,-1,-1,-1
305,24,1431.34,575.40,74.71,190.54,0.612715,-1,-1,-1
306,24,1430.71,573.03,74.11,190.59,0.581181,-1,-1,-1
306,38,1040.51,952.06,74.36,127.94,0.509958,-1,-1,-1
307,24,1430.51,569.38,73.28,189.57,0.549874,-1,-1,-1
308,24,1431.16,565.96,71.39,185.64,0.575321,-1,-1,-1
309,24,1430.89,563.25,69.75,181.09,0.582684,-1,-1,-1
310,24,1430.42,559.83,68.97,179.03,0.587742,-1,-1,-1
311,24,1430.30,556.91,68.98,179.16,0.623533,-1,-1,-1
312,24,1429.96,554.49,69.31,180.11,0.677808,-1,-1,-1
313,24,1430.04,553.23,69.64,180.87,0.712517,-1,-1,-1
314,24,1429.36,551.81,70.21,182.69,0.669590,-1,-1,-1
315,24,1429.21,550.87,70.43,183.74,0.678489,-1,-1,-1
316,24,1429.18,549.64,70.53,184.57,0.620213,-1,-1,-1
316,40,852.72,922.50,76.21,156.88,0.608948,-1,-1,-1
317,24,1429.23,548.91,70.14,184.12,0.584894,-1,-1,-1
317,40,851.88,921.80,76.29,157.79,0.503289,-1,-1,-1
318,24,1430.15,548.21,69.29,182.43,0.582265,-1,-1,-1
319,24,1430.26,546.53,68.92,181.83,0.514286,-1,-1,-1
323,24,1431.16,533.83,65.27,170.49,0.523649,-1,-1,-1
331,24,1427.12,518.24,68.40,177.48,0.554444,-1,-1,-1
332,24,1426.75,515.17,69.14,179.11,0.585955,-1,-1,-1
333,24,1425.91,510.80,69.50,180.15,0.541238,-1,-1,-1
334,24,1423.87,508.23,69.83,181.44,0.574827,-1,-1,-1
335,24,1422.72,506.79,69.80,181.63,0.537999,-1,-1,-1
336,24,1422.82,505.65,69.07,179.79,0.562734,-1,-1,-1
337,24,1422.72,503.73,68.43,177.80,0.562982,-1,-1,-1
338,24,1422.69,499.08,67.85,175.46,0.534398,-1,-1,-1
339,24,1422.98,495.26,67.13,173.67,0.528522,-1,-1,-1
342,42,269.28,912.08,56.72,160.82,0.500198,-1,-1,-1
343,42,269.72,913.18,56.40,159.81,0.501512,-1,-1,-1
345,42,269.77,913.79,56.61,160.20,0.540305,-1,-1,-1
346,42,269.54,914.45,56.56,159.94,0.520592,-1,-1,-1
347,42,269.68,915.70,56.51,159.66,0.541460,-1,-1,-1
360,43,353.36,822.41,74.57,171.60,0.525323,-1,-1,-1
360,42,271.71,924.60,54.82,154.45,0.513663,-1,-1,-1
363,43,352.89,822.79,75.22,173.19,0.540040,-1,-1,-1
364,43,353.42,823.26,75.22,173.42,0.557824,-1,-1,-1
365,43,353.93,823.87,75.04,173.20,0.612650,-1,-1,-1
366,43,353.89,824.40,75.03,173.42,0.641122,-1,-1,-1
367,43,354.47,824.64,74.88,173.30,0.573717,-1,-1,-1
367,42,273.77,925.70,54.80,153.47,0.509953,-1,-1,-1
368,43,355.00,824.67,74.88,173.48,0.513668,-1,-1,-1
421,46,359.80,826.67,101.99,220.01,0.583846,-1,-1,-1
422,46,357.33,825.68,101.60,219.14,0.578618,-1,-1,-1
447,46,364.04,826.14,80.09,176.08,0.507598,-1,-1,-1
449,46,364.55,826.54,78.90,176.00,0.501333,-1,-1,-1
454,48,53.11,765.45,57.97,172.76,0.512422,-1,-1,-1
454,49,286.92,927.68,54.33,152.32,0.563771,-1,-1,-1
468,46,365.13,836.81,72.90,161.94,0.516896,-1,-1,-1
469,46,365.77,838.32,72.42,160.27,0.526792,-1,-1,-1
470,46,366.58,838.64,72.06,159.00,0.559133,-1,-1,-1
471,46,366.70,838.83,72.50,159.63,0.514854,-1,-1,-1
474,50,1413.62,677.42,72.07,174.16,0.506071,-1,-1,-1
475,50,1413.19,677.13,70.52,170.21,0.552094,-1,-1,-1
475,51,924.01,925.04,88.60,153.97,0.546368,-1,-1,-1
475,46,369.48,839.09,75.70,166.94,0.524577,-1,-1,-1
476,50,1411.54,671.20,71.25,171.94,0.530321,-1,-1,-1
476,51,923.97,923.97,89.29,155.30,0.556515,-1,-1,-1
476,46,370.10,839.04,76.07,167.98,0.555283,-1,-1,-1
476,48,46.79,786.27,58.50,157.52,0.525346,-1,-1,-1
476,49,286.56,933.04,53.00,146.96,0.531517,-1,-1,-1
477,50,1410.03,665.16,72.70,175.43,0.554582,-1,-1,-1
477,51,924.05,922.83,89.84,156.46,0.571055,-1,-1,-1
477,46,371.73,839.43,75.89,167.72,0.579447,-1,-1,-1
478,50,1408.10,661.76,74.39,179.66,0.579331,-1,-1,-1
478,51,923.72,920.75,90.76,158.43,0.538081,-1,-1,-1
478,46,373.03,839.55,75.81,168.07,0.508856,-1,-1,-1
479,50,1406.35,658.23,76.38,184.78,0.533690,-1,-1,-1
479,51,924.37,918.30,91.91,160.77,0.549776,-1,-1,-1
479,46,374.30,839.22,75.78,168.57,0.547857,-1,-1,-1
479,54,1370.47,997.70,103.35,82.29,0.560285,-1,-1,-1
479,48,36.18,776.85,62.77,162.73,0.512300,-1,-1,-1
480,50,1404.42,653.98,77.93,188.73,0.554793,-1,-1,-1
480,51,925.36,915.48,93.22,163.42,0.561987,-1,-1,-1
480,54,1368.18,995.63,105.67,84.27,0.530347,-1,-1,-1
480,48,29.98,774.81,65.24,163.88,0.590566,-1,-1,-1
481,50,1403.49,650.86,79.16,191.99,0.563709,-1,-1,-1
481,51,925.15,912.16,94.55,166.50,0.592963,-1,-1,-1
481,48,23.78,773.57,67.92,165.79,0.591403,-1,-1,-1
481,46,377.32,838.76,75.29,168.09,0.509649,-1,-1,-1
482,51,924.70,909.17,95.14,168.55,0.524424,-1,-1,-1
482,48,13.89,771.25,71.56,167.77,0.543350,-1,-1,-1
482,55,1596.37,934.45,55.94,143.33,0.537165,-1,-1,-1
483,48,9.10,770.18,74.32,168.73,0.581882,-1,-1,-1
483,49,286.33,936.32,52.52,143.68,0.502284,-1,-1,-1
484,48,7.20,768.41,76.88,170.07,0.517557,-1,-1,-1
486,46,383.37,837.05,75.60,170.87,0.513347,-1,-1,-1
486,49,286.26,936.74,53.01,143.26,0.509631,-1,-1,-1
487,49,286.01,936.51,53.51,143.49,0.524972,-1,-1,-1
488,49,286.02,936.55,53.89,143.45,0.506677,-1,-1,-1
489,49,285.65,936.98,54.08,143.02,0.517962,-1,-1,-1
489,51,922.85,893.27,99.76,181.81,0.507235,-1,-1,-1
490,49,285.42,936.96,54.24,143.04,0.518614,-1,-1,-1
490,51,922.96,890.81,97.98,183.63,0.525674,-1,-1,-1
491,49,285.11,937.24,54.32,142.76,0.504174,-1,-1,-1
491,51,922.80,888.34,96.06,185.14,0.533672,-1,-1,-1
492,51,922.33,886.59,94.42,186.71,0.516818,-1,-1,-1
493,51,922.14,885.55,92.96,187.85,0.500801,-1,-1,-1
498,46,387.30,841.24,73.20,167.67,0.534553,-1,-1,-1
499,46,387.65,841.28,72.30,166.84,0.511113,-1,-1,-1
499,49,282.92,939.95,53.74,140.05,0.505576,-1,-1,-1
499,51,919.32,870.15,81.71,166.15,0.522518,-1,-1,-1
500,51,917.17,867.37,81.62,166.35,0.501583,-1,-1,-1
501,51,915.98,864.87,81.78,166.49,0.529873,-1,-1,-1
501,49,282.44,938.62,54.72,140.68,0.541714,-1,-1,-1
502,51,913.31,862.58,83.82,170.57,0.548123,-1,-1,-1
502,49,282.02,938.77,55.20,141.02,0.576962,-1,-1,-1
503,51,911.84,860.31,85.10,173.59,0.527239,-1,-1,-1
503,49,281.39,939.58,55.53,139.61,0.504783,-1,-1,-1
504,51,911.09,857.66,85.83,175.47,0.528690,-1,-1,-1
506,49,280.70,940.72,56.00,138.53,0.511054,-1,-1,-1
507,51,906.14,852.32,88.17,181.39,0.502202,-1,-1,-1
511,51,905.83,842.23,85.51,178.32,0.524995,-1,-1,-1
512,57,1022.06,719.55,56.74,160.78,0.507562,-1,-1,-1
512,51,906.63,839.61,84.00,177.31,0.526222,-1,-1,-1
513,51,908.01,837.51,81.15,172.23,0.515336,-1,-1,-1
514,51,908.60,834.97,78.88,167.20,0.516302,-1,-1,-1
515,51,908.84,831.65,77.45,163.95,0.503669,-1,-1,-1
517,57,1021.53,723.10,56.10,158.88,0.528384,-1,-1,-1
518,57,1021.25,722.59,56.48,160.03,0.500547,-1,-1,-1
523,51,895.81,814.25,82.95,177.43,0.560277,-1,-1,-1
524,51,894.87,811.47,82.77,179.01,0.606425,-1,-1,-1
525,51,893.67,809.24,81.99,179.20,0.629756,-1,-1,-1
526,51,893.14,807.33,79.71,174.97,0.541580,-1,-1,-1
527,51,892.20,804.78,77.98,170.61,0.533259,-1,-1,-1
528,51,890.16,802.43,77.54,169.60,0.505224,-1,-1,-1
530,46,384.34,845.17,72.01,167.99,0.542755,-1,-1,-1
530,51,887.29,795.70,76.12,164.77,0.526360,-1,-1,-1
531,46,384.40,845.02,71.56,168.02,0.563984,-1,-1,-1
532,46,384.13,845.88,71.07,167.28,0.541842,-1,-1,-1
532,51,883.83,791.69,75.92,162.16,0.544016,-1,-1,-1
533,46,384.05,846.08,70.81,166.89,0.559026,-1,-1,-1
533,51,882.04,789.56,77.06,162.86,0.539625,-1,-1,-1
534,46,383.93,846.06,70.70,166.59,0.553625,-1,-1,-1
535,46,383.75,846.25,70.76,166.68,0.610143,-1,-1,-1
536,46,383.90,846.37,70.60,166.54,0.621709,-1,-1,-1
537,46,383.98,845.89,70.95,167.59,0.591681,-1,-1,-1
537,51,879.27,785.63,78.55,164.55,0.542895,-1,-1,-1
538,46,383.88,845.46,70.99,167.89,0.614784,-1,-1,-1
540,60,977.68,777.26,55.82,163.71,0.510402,-1,-1,-1
540,46,383.73,843.95,71.50,169.27,0.502727,-1,-1,-1
543,46,383.22,844.48,71.04,168.46,0.554992,-1,-1,-1
544,46,383.24,844.78,70.86,168.04,0.546686,-1,-1,-1
545,46,383.44,845.00,70.68,167.75,0.518171,-1,-1,-1
546,46,383.71,845.58,70.45,167.30,0.550010,-1,-1,-1
548,61,976.50,892.91,74.36,177.11,0.500284,-1,-1,-1
550,46,383.42,846.74,70.66,167.81,0.509338,-1,-1,-1
599,63,1319.55,906.29,96.37,170.76,0.538751,-1,-1,-1
600,63,1318.04,903.02,98.04,173.81,0.534163,-1,-1,-1
600,64,1431.06,932.32,64.57,145.22,0.574005,-1,-1,-1
603,63,1308.35,894.42,103.04,183.31,0.505635,-1,-1,-1
604,63,1305.77,892.52,103.54,184.97,0.535639,-1,-1,-1
605,63,1302.95,889.76,104.58,187.66,0.547101,-1,-1,-1
606,63,1302.08,886.37,104.89,189.32,0.528011,-1,-1,-1
633,70,925.44,627.59,61.40,158.28,0.537983,-1,-1,-1
635,70,926.62,626.09,61.11,157.55,0.503545,-1,-1,-1
637,70,926.63,621.04,61.51,159.12,0.515318,-1,-1,-1
638,70,927.97,620.11,60.02,155.94,0.503940,-1,-1,-1
639,70,927.77,618.36,58.47,152.48,0.509959,-1,-1,-1
640,70,928.01,615.89,57.94,151.77,0.520652,-1,-1,-1
642,70,929.00,612.40,57.15,150.38,0.501566,-1,-1,-1
644,70,928.83,609.08,58.46,154.72,0.507730,-1,-1,-1
667,71,4.10,747.84,73.71,174.64,0.540198,-1,-1,-1
668,71,7.19,751.25,72.56,171.13,0.551800,-1,-1,-1
669,71,8.71,753.42,71.55,167.56,0.594858,-1,-1,-1
672,72,272.25,143.68,58.02,141.46,0.525622,-1,-1,-1
673,72,272.74,145.20,57.52,140.13,0.550815,-1,-1,-1
674,72,273.30,146.76,56.94,138.42,0.524736,-1,-1,-1
676,72,273.93,147.65,57.07,138.01,0.518542,-1,-1,-1
690,73,864.09,951.90,81.48,128.00,0.514151,-1,-1,-1
696,73,865.04,938.53,89.26,141.21,0.512010,-1,-1,-1
697,73,866.39,935.53,90.19,143.93,0.512769,-1,-1,-1
700,73,867.18,929.05,92.44,149.82,0.512104,-1,-1,-1
707,73,871.72,914.02,97.17,163.20,0.502122,-1,-1,-1
708,73,874.70,912.17,94.99,164.33,0.524721,-1,-1,-1
709,73,876.53,909.08,93.94,167.12,0.546890,-1,-1,-1
710,73,878.23,906.10,93.05,169.48,0.519030,-1,-1,-1
712,75,804.93,890.58,78.79,165.07,0.502427,-1,-1,-1
714,73,882.78,893.71,93.33,173.85,0.567470,-1,-1,-1
715,73,884.70,890.53,90.60,171.24,0.549206,-1,-1,-1
716,73,885.60,886.73,89.67,171.38,0.593604,-1,-1,-1
716,75,811.84,880.79,71.97,151.29,0.578602,-1,-1,-1
717,73,887.39,885.51,88.79,171.96,0.536729,-1,-1,-1
717,76,215.77,890.60,83.18,182.88,0.604863,-1,-1,-1
717,75,811.74,878.40,71.31,149.89,0.612794,-1,-1,-1
718,73,888.47,884.48,87.77,171.76,0.553522,-1,-1,-1
718,76,217.61,892.42,83.10,182.32,0.589247,-1,-1,-1
718,75,811.88,876.88,70.94,149.04,0.636559,-1,-1,-1
719,73,889.19,882.92,87.64,173.81,0.534859,-1,-1,-1
719,75,811.79,875.41,71.15,149.36,0.577406,-1,-1,-1
720,73,889.47,882.42,87.12,175.18,0.533323,-1,-1,-1
720,75,812.24,873.47,71.99,151.41,0.548375,-1,-1,-1
721,73,889.27,880.02,87.93,180.08,0.536119,-1,-1,-1
721,75,814.25,871.96,72.49,153.51,0.500991,-1,-1,-1
722,73,890.52,876.78,86.70,180.89,0.588424,-1,-1,-1
723,73,891.66,874.33,85.71,181.78,0.618736,-1,-1,-1
724,73,891.54,872.79,84.81,182.90,0.619133,-1,-1,-1
725,73,890.61,868.81,85.28,186.96,0.620018,-1,-1,-1
725,76,249.96,908.62,77.59,170.64,0.500906,-1,-1,-1
726,73,890.07,865.58,84.83,188.31,0.578398,-1,-1,-1
727,73,891.71,863.46,81.39,182.21,0.542999,-1,-1,-1
743,77,296.57,710.07,61.15,177.92,0.513906,-1,-1,-1
747,77,297.82,707.06,62.11,180.78,0.506283,-1,-1,-1
751,77,301.54,705.67,61.96,180.75,0.503214,-1,-1,-1
752,77,301.94,705.23,61.98,181.20,0.528128,-1,-1,-1
753,77,303.66,706.19,61.50,179.98,0.557892,-1,-1,-1
753,73,916.94,806.35,77.10,172.99,0.587352,-1,-1,-1
754,77,305.02,707.61,60.93,178.23,0.541347,-1,-1,-1
755,77,306.74,709.28,60.27,176.08,0.584202,-1,-1,-1
756,77,306.40,709.08,60.57,176.50,0.524739,-1,-1,-1
757,77,307.09,709.78,60.45,175.90,0.535227,-1,-1,-1
758,77,308.02,709.33,60.43,175.64,0.534398,-1,-1,-1
759,77,308.38,707.84,60.78,176.15,0.522019,-1,-1,-1
760,77,308.65,708.62,60.55,174.73,0.508391,-1,-1,-1
761,77,308.67,707.37,61.02,175.53,0.503999,-1,-1,-1
764,77,310.56,708.72,60.23,173.51,0.508004,-1,-1,-1
765,77,310.30,709.06,60.42,173.14,0.515795,-1,-1,-1
766,77,310.32,708.83,60.61,173.05,0.513739,-1,-1,-1
767,77,310.59,708.21,60.73,173.36,0.535433,-1,-1,-1
768,77,310.49,708.50,60.65,172.99,0.543276,-1,-1,-1
769,77,310.45,708.32,60.76,173.32,0.532468,-1,-1,-1
770,77,310.41,708.97,60.80,172.68,0.539172,-1,-1,-1
771,77,310.63,710.57,60.40,170.67,0.527958,-1,-1,-1
772,77,310.44,710.07,60.54,170.92,0.520388,-1,-1,-1
773,77,309.62,708.66,61.21,172.34,0.521995,-1,-1,-1
774,77,309.18,708.71,61.47,172.38,0.502216,-1,-1,-1
775,73,932.91,745.35,74.45,166.18,0.504399,-1,-1,-1
781,77,310.99,707.61,61.51,172.09,0.508607,-1,-1,-1
783,77,311.94,707.74,61.30,171.04,0.521377,-1,-1,-1
784,73,930.29,732.64,74.41,171.35,0.581589,-1,-1,-1
785,73,930.49,730.24,71.86,166.13,0.597964,-1,-1,-1
786,73,929.67,726.77,72.17,168.77,0.505478,-1,-1,-1
788,73,929.48,721.56,71.38,167.80,0.541905,-1,-1,-1
789,73,929.12,719.67,71.01,167.51,0.554907,-1,-1,-1
790,73,929.32,718.21,70.09,165.46,0.651575,-1,-1,-1
791,73,928.06,716.30,70.33,165.35,0.592641,-1,-1,-1
792,73,927.83,713.94,70.55,165.00,0.544826,-1,-1,-1
819,80,164.66,848.61,78.47,189.50,0.550132,-1,-1,-1
820,80,165.41,846.70,79.83,192.77,0.528146,-1,-1,-1
822,80,165.23,842.27,81.75,197.45,0.521744,-1,-1,-1
824,80,163.66,838.96,83.51,202.14,0.507503,-1,-1,-1
827,80,162.41,837.11,84.48,205.10,0.513465,-1,-1,-1
828,80,163.06,836.22,83.08,202.04,0.522656,-1,-1,-1
831,80,166.73,831.06,76.11,184.61,0.514181,-1,-1,-1
876,81,735.42,661.83,65.05,177.38,0.506622,-1,-1,-1
877,81,735.48,662.35,65.13,177.66,0.548274,-1,-1,-1
919,83,1426.97,703.17,60.16,251.01,0.543013,-1,-1,-1
920,83,1427.27,703.44,57.32,239.02,0.537863,-1,-1,-1
921,83,1429.06,703.06,52.78,219.30,0.524828,-1,-1,-1
969,86,307.31,727.16,57.21,176.19,0.535847,-1,-1,-1
970,86,306.39,728.17,56.97,175.33,0.536963,-1,-1,-1
971,86,306.23,728.88,56.84,174.75,0.522238,-1,-1,-1
972,86,305.99,729.30,56.84,174.43,0.525029,-1,-1,-1
973,86,305.90,729.41,56.87,174.20,0.520793,-1,-1,-1
974,86,305.66,730.05,56.68,173.21,0.524637,-1,-1,-1
975,86,305.51,730.07,56.72,172.93,0.538849,-1,-1,-1
976,86,304.65,729.25,57.19,173.87,0.559946,-1,-1,-1
977,86,304.12,729.27,57.44,174.05,0.529390,-1,-1,-1
978,86,303.84,729.22,57.62,174.10,0.537594,-1,-1,-1
979,86,303.69,729.82,57.51,173.03,0.559081,-1,-1,-1
980,86,303.59,729.62,57.69,172.92,0.564693,-1,-1,-1
981,86,303.69,730.18,57.47,171.42,0.551711,-1,-1,-1
982,86,303.61,730.80,57.37,170.34,0.524409,-1,-1,-1
983,86,303.68,730.77,57.51,169.91,0.513663,-1,-1,-1
985,86,302.76,729.84,58.18,171.07,0.517835,-1,-1,-1
986,86,302.52,729.40,58.46,171.29,0.512362,-1,-1,-1
988,86,302.13,728.95,58.57,171.01,0.503555,-1,-1,-1
990,86,301.82,727.44,58.74,170.88,0.500169,-1,-1,-1
1030,89,514.03,939.38,79.53,139.66,0.547510,-1,-1,-1
1031,89,511.72,935.26,82.19,144.52,0.516456,-1,-1,-1
1038,90,970.82,804.58,69.55,177.01,0.603051,-1,-1,-1
1039,90,970.45,800.64,70.92,180.55,0.553470,-1,-1,-1
1040,90,970.64,797.84,71.42,181.90,0.526742,-1,-1,-1
1052,90,980.63,783.73,66.92,170.10,0.509054,-1,-1,-1
1060,91,307.16,728.90,58.73,171.91,0.529887,-1,-1,-1
1061,91,307.23,728.91,58.80,172.17,0.521945,-1,-1,-1
1062,91,306.90,728.63,58.85,172.45,0.553666,-1,-1,-1
1063,91,306.96,728.96,58.59,171.93,0.524604,-1,-1,-1
1073,92,774.61,937.22,69.84,142.28,0.505992,-1,-1,-1
1077,92,752.32,933.44,71.93,146.31,0.520260,-1,-1,-1
1078,92,748.56,936.24,70.91,143.71,0.571707,-1,-1,-1
1216,93,909.67,659.66,74.42,169.18,0.552054,-1,-1,-1
1217,93,908.33,658.64,76.54,174.06,0.522242,-1,-1,-1
1228,95,326.14,701.12,62.61,177.90,0.504967,-1,-1,-1
1229,95,326.21,700.91,62.82,178.55,0.515950,-1,-1,-1
1230,95,326.32,701.52,62.46,177.53,0.562241,-1,-1,-1
1231,95,326.45,701.53,62.51,177.71,0.551481,-1,-1,-1
1232,95,326.05,702.25,62.32,177.15,0.535828,-1,-1,-1
1233,95,326.19,703.15,61.87,175.96,0.533389,-1,-1,-1
1235,96,858.23,862.12,57.42,163.34,0.503518,-1,-1,-1
1292,98,0.54,834.91,50.22,158.46,0.524620,-1,-1,-1
1373,101,967.58,394.02,60.40,152.64,0.588208,-1,-1,-1
1374,101,967.23,392.74,60.93,154.04,0.634199,-1,-1,-1
1375,101,966.09,391.02,60.39,152.68,0.638511,-1,-1,-1
1376,101,965.97,389.97,59.69,150.88,0.524433,-1,-1,-1
1450,105,69.68,587.73,67.61,159.48,0.517563,-1,-1,-1
1456,106,976.32,695.48,54.99,162.85,0.533600,-1,-1,-1
1610,111,819.23,781.31,69.89,163.67,0.505639,-1,-1,-1
1611,111,821.28,778.34,70.47,165.04,0.535259,-1,-1,-1
1612,111,822.54,776.26,70.82,166.02,0.540358,-1,-1,-1
1613,111,824.70,774.35,71.06,166.51,0.535914,-1,-1,-1
1614,111,825.13,772.27,72.25,169.16,0.549262,-1,-1,-1
1635,111,870.87,722.20,68.87,161.32,0.561307,-1,-1,-1
1636,111,873.30,719.69,69.34,163.21,0.550922,-1,-1,-1
1637,111,874.44,717.78,70.63,166.96,0.537026,-1,-1,-1
1638,111,876.15,718.10,69.31,163.58,0.538247,-1,-1,-1
1640,113,1025.54,683.31,63.57,171.18,0.577594,-1,-1,-1
1657,114,837.79,697.09,66.43,166.96,0.532883,-1,-1,-1
1658,114,838.38,693.36,67.91,170.85,0.559229,-1,-1,-1
1692,116,987.44,610.64,70.62,161.84,0.540616,-1,-1,-1
1694,116,990.46,608.54,70.11,161.00,0.530527,-1,-1,-1
1696,116,993.62,605.46,70.46,162.55,0.544830,-1,-1,-1
1697,116,994.29,603.63,70.44,163.32,0.579049,-1,-1,-1
1699,116,996.63,597.80,70.24,164.00,0.510748,-1,-1,-1
1754,118,1132.00,744.22,68.86,173.80,0.567065,-1,-1,-1
1755,118,1133.30,743.69,68.56,172.92,0.506656,-1,-1,-1
1770,120,1519.99,890.47,77.46,175.31,0.581769,-1,-1,-1
1770,121,1444.39,883.70,81.80,195.50,0.511517,-1,-1,-1
1771,120,1519.14,887.30,77.00,174.30,0.649912,-1,-1,-1
1771,122,882.21,724.23,73.32,168.07,0.515643,-1,-1,-1
1772,120,1519.20,884.88,76.26,172.72,0.605995,-1,-1,-1
1772,122,884.74,721.88,73.18,167.71,0.507665,-1,-1,-1
1773,120,1518.61,883.14,76.28,172.81,0.582683,-1,-1,-1
1773,122,887.38,721.20,72.81,166.86,0.558783,-1,-1,-1
1774,122,891.68,719.53,72.34,166.17,0.524976,-1,-1,-1
1775,120,1517.24,877.64,78.41,178.18,0.503904,-1,-1,-1
1776,123,1082.80,742.15,72.14,174.25,0.517666,-1,-1,-1
1779,121,1442.58,868.63,74.64,175.75,0.510211,-1,-1,-1
1779,120,1516.95,867.55,81.22,186.45,0.546034,-1,-1,-1
1781,121,1441.64,865.46,75.79,176.05,0.511215,-1,-1,-1
1781,120,1516.75,862.90,79.00,183.44,0.548515,-1,-1,-1
1791,122,946.48,685.62,72.51,168.06,0.535584,-1,-1,-1
1796,122,959.39,682.51,71.67,168.93,0.517681,-1,-1,-1
1797,122,962.22,681.92,71.84,170.87,0.514847,-1,-1,-1
1808,126,936.29,365.82,56.34,159.43,0.552042,-1,-1,-1
1809,126,934.18,363.44,56.68,160.48,0.570778,-1,-1,-1
1810,126,931.94,361.86,57.56,163.25,0.552854,-1,-1,-1
1811,126,931.56,359.51,57.83,164.21,0.568959,-1,-1,-1
1812,126,930.67,357.31,58.07,165.06,0.557891,-1,-1,-1
1814,126,927.19,354.59,59.28,168.74,0.523151,-1,-1,-1
1815,126,925.66,353.64,59.61,169.93,0.512013,-1,-1,-1
1819,127,229.35,914.15,95.88,165.85,0.546500,-1,-1,-1
1824,127,244.49,899.55,103.07,180.45,0.607196,-1,-1,-1
1825,127,248.01,896.21,103.55,183.79,0.630397,-1,-1,-1
1826,127,251.02,893.81,102.85,185.36,0.546965,-1,-1,-1
1827,127,253.39,890.55,102.81,188.20,0.578673,-1,-1,-1
1828,127,256.06,886.66,103.15,192.03,0.577293,-1,-1,-1
1829,127,260.43,886.78,101.42,191.71,0.513449,-1,-1,-1
1830,127,264.90,885.43,100.52,193.08,0.530729,-1,-1,-1
1831,127,268.52,884.98,99.66,194.47,0.553438,-1,-1,-1
1855,133,40.07,854.79,80.40,157.94,0.507019,-1,-1,-1
1855,134,892.07,282.55,57.57,168.06,0.500719,-1,-1,-1
1857,133,36.72,848.13,83.82,164.82,0.508260,-1,-1,-1
1864,135,110.72,869.13,75.03,157.40,0.514683,-1,-1,-1
1864,133,36.94,831.64,86.66,171.56,0.529850,-1,-1,-1
1865,133,37.88,829.11,86.40,172.53,0.504639,-1,-1,-1
1871,135,122.14,845.62,71.64,148.34,0.505173,-1,-1,-1
1876,133,41.08,798.52,84.74,171.63,0.508537,-1,-1,-1
1876,135,124.61,822.50,78.34,160.51,0.527883,-1,-1,-1
1883,138,765.85,874.56,76.16,194.18,0.556033,-1,-1,-1
1884,138,765.79,872.13,77.48,197.54,0.522445,-1,-1,-1
1894,139,310.35,727.11,62.69,174.82,0.507519,-1,-1,-1
1896,139,309.93,724.32,63.75,177.75,0.512999,-1,-1,-1
1902,139,312.03,723.79,62.34,173.57,0.501207,-1,-1,-1
1904,139,311.44,723.52,62.31,173.46,0.527768,-1,-1,-1
1905,139,311.23,722.99,62.55,174.20,0.562663,-1,-1,-1
1906,139,310.71,722.31,63.01,175.75,0.526872,-1,-1,-1
1907,139,310.59,722.59,63.00,175.83,0.532668,-1,-1,-1
1908,139,310.50,721.68,63.24,176.47,0.533783,-1,-1,-1
1909,139,310.53,720.85,63.73,177.81,0.521935,-1,-1,-1
1911,139,310.73,721.51,63.12,176.18,0.502640,-1,-1,-1
1942,144,24.58,891.39,73.19,173.53,0.535291,-1,-1,-1
1943,144,27.00,886.73,73.81,175.10,0.537174,-1,-1,-1
1950,144,42.78,865.25,75.99,180.87,0.539034,-1,-1,-1
1952,145,1251.75,583.69,71.77,152.17,0.523241,-1,-1,-1
1953,145,1251.76,581.24,71.99,152.70,0.551469,-1,-1,-1
1953,147,150.60,790.36,75.29,199.89,0.520240,-1,-1,-1
1954,145,1251.91,578.50,72.50,153.88,0.558758,-1,-1,-1
1955,145,1251.66,576.85,73.99,157.35,0.519291,-1,-1,-1
1955,148,327.31,132.14,48.62,149.53,0.511486,-1,-1,-1
1956,145,1250.49,575.50,75.07,160.30,0.556759,-1,-1,-1
1957,145,1249.48,574.43,75.76,162.52,0.557831,-1,-1,-1
1958,145,1248.72,573.12,76.15,163.98,0.532297,-1,-1,-1
1961,148,325.67,129.12,49.37,151.55,0.504488,-1,-1,-1
1962,148,326.64,130.91,48.69,148.87,0.522410,-1,-1,-1
1963,148,327.29,131.52,48.66,148.18,0.535460,-1,-1,-1
1964,148,327.90,134.99,47.91,144.72,0.546534,-1,-1,-1
1965,148,328.30,136.46,47.79,143.08,0.557828,-1,-1,-1
1966,148,328.52,136.08,48.01,142.75,0.546172,-1,-1,-1
1967,148,328.43,135.85,48.36,142.73,0.578941,-1,-1,-1
1968,148,328.47,135.50,48.58,142.12,0.546562,-1,-1,-1
1969,148,328.50,134.72,48.82,141.55,0.552506,-1,-1,-1
1970,148,328.83,134.27,49.38,141.62,0.521989,-1,-1,-1
2024,150,73.54,607.17,76.87,184.03,0.551806,-1,-1,-1
2133,154,1001.69,873.42,87.90,206.58,0.561632,-1,-1,-1
2150,155,1102.08,830.42,69.19,173.07,0.522547,-1,-1,-1
2155,155,1123.19,826.95,71.90,172.74,0.525562,-1,-1,-1
2164,156,1468.45,732.79,75.62,200.00,0.531013,-1,-1,-1
2165,156,1470.30,731.76,75.66,200.23,0.523113,-1,-1,-1
2166,156,1473.36,727.30,76.20,202.26,0.533072,-1,-1,-1
2171,157,1097.49,948.62,70.89,130.06,0.597013,-1,-1,-1
2172,157,1098.81,947.90,71.14,130.46,0.638427,-1,-1,-1
2173,157,1099.85,945.58,72.47,132.73,0.643340,-1,-1,-1
2174,157,1101.08,944.35,73.39,134.07,0.611475,-1,-1,-1
2175,157,1102.64,942.15,74.88,136.38,0.668549,-1,-1,-1
2176,157,1104.14,939.70,76.27,138.78,0.559758,-1,-1,-1
2199,159,1336.49,725.99,82.17,197.08,0.609053,-1,-1,-1
2200,159,1339.18,723.83,82.01,196.76,0.642389,-1,-1,-1
2201,159,1345.18,719.23,79.59,191.40,0.664911,-1,-1,-1
2202,159,1349.63,715.29,76.21,183.49,0.529382,-1,-1,-1
2204,159,1355.42,703.53,76.44,185.29,0.596746,-1,-1,-1
2205,159,1357.28,700.14,75.54,184.70,0.581113,-1,-1,-1
2206,159,1359.67,699.43,74.90,184.92,0.567607,-1,-1,-1
2207,159,1362.11,697.22,74.62,186.05,0.526787,-1,-1,-1
2210,159,1362.74,689.78,76.57,191.15,0.501051,-1,-1,-1
2213,159,1371.55,679.55,76.13,190.12,0.529916,-1,-1,-1
2215,159,1379.92,674.02,73.89,183.57,0.547467,-1,-1,-1
2216,159,1384.11,670.63,72.30,178.47,0.550437,-1,-1,-1
2217,159,1386.44,667.38,72.49,178.78,0.540265,-1,-1,-1
2218,159,1386.67,663.68,73.61,181.46,0.585886,-1,-1,-1
2219,159,1387.33,661.43,74.10,183.25,0.575190,-1,-1,-1
2220,159,1387.76,659.20,74.67,185.09,0.602231,-1,-1,-1
2221,159,1387.64,657.59,75.63,187.06,0.573092,-1,-1,-1
2222,159,1387.86,656.25,76.11,186.97,0.512718,-1,-1,-1
2223,159,1388.34,652.84,76.99,188.27,0.529415,-1,-1,-1
2224,159,1386.62,646.80,79.09,191.85,0.557193,-1,-1,-1
2225,159,1388.16,642.18,79.30,192.32,0.547163,-1,-1,-1
2226,159,1389.56,637.75,79.05,191.93,0.534568,-1,-1,-1
2227,159,1391.74,634.60,76.89,186.95,0.507876,-1,-1,-1
2228,159,1394.19,629.74,75.23,183.12,0.500939,-1,-1,-1
2229,159,1396.25,623.36,75.28,183.59,0.575948,-1,-1,-1
2230,159,1397.68,619.56,75.13,183.96,0.586008,-1,-1,-1
2231,159,1399.36,617.17,74.70,183.95,0.564141,-1,-1,-1
2232,159,1400.92,614.86,75.31,186.36,0.546904,-1,-1,-1
2242,159,1408.73,578.26,73.44,182.53,0.501575,-1,-1,-1
2269,161,1397.79,503.13,67.23,165.99,0.564698,-1,-1,-1
2270,161,1396.81,495.24,68.56,169.46,0.520247,-1,-1,-1
2282,162,57.42,727.01,64.15,158.85,0.549000,-1,-1,-1
2309,167,1101.38,674.87,61.34,153.92,0.601584,-1,-1,-1
2310,167,1101.45,674.53,61.39,154.03,0.600381,-1,-1,-1
2311,167,1101.10,674.42,61.31,153.68,0.632021,-1,-1,-1
2312,167,1101.39,674.60,61.27,153.48,0.607196,-1,-1,-1
2313,167,1101.84,674.71,61.00,152.72,0.612437,-1,-1,-1
2314,167,1101.61,674.32,61.15,152.99,0.619153,-1,-1,-1
2315,167,1101.37,673.96,61.40,153.48,0.553830,-1,-1,-1
2316,167,1101.43,674.04,61.36,153.35,0.528315,-1,-1,-1
2317,167,1101.55,673.69,61.46,153.57,0.528462,-1,-1,-1
2318,167,1101.55,673.51,61.51,153.65,0.522845,-1,-1,-1
2319,167,1101.10,673.13,61.72,153.87,0.525704,-1,-1,-1
2320,167,1100.84,672.88,61.67,153.43,0.541761,-1,-1,-1
2321,167,1100.96,673.17,61.34,152.24,0.530093,-1,-1,-1
2322,167,1100.88,673.23,61.27,151.76,0.518174,-1,-1,-1
2323,167,1101.07,673.40,60.93,150.65,0.500416,-1,-1,-1
2373,172,815.56,836.20,66.19,175.80,0.540555,-1,-1,-1
2374,172,814.26,833.06,67.42,179.12,0.528203,-1,-1,-1
2378,174,1091.19,858.96,80.09,216.60,0.517389,-1,-1,-1
2379,174,1091.24,856.12,81.31,220.10,0.557566,-1,-1,-1
2380,174,1091.27,852.91,82.61,224.18,0.580812,-1,-1,-1
2382,175,1002.17,943.49,106.47,134.67,0.536059,-1,-1,-1
2383,175,1002.79,941.42,108.23,137.02,0.550393,-1,-1,-1
2384,175,1003.61,938.87,109.91,139.43,0.556803,-1,-1,-1
2386,175,1001.25,933.78,114.35,145.87,0.543743,-1,-1,-1
2387,175,1001.19,930.19,116.22,149.62,0.563865,-1,-1,-1
2388,175,1000.75,926.52,117.77,153.36,0.559619,-1,-1,-1
2389,172,802.66,767.06,88.63,241.59,0.534819,-1,-1,-1
2389,174,1091.33,827.95,75.41,204.61,0.502526,-1,-1,-1
2390,172,803.15,765.33,87.45,243.21,0.566703,-1,-1,-1
2390,175,997.00,916.51,122.93,162.94,0.526403,-1,-1,-1
2391,172,803.36,764.58,86.06,243.90,0.541014,-1,-1,-1
2391,175,996.03,912.16,123.81,167.05,0.525623,-1,-1,-1
2392,172,803.88,763.79,85.03,244.98,0.571797,-1,-1,-1
2392,175,996.22,909.80,122.92,168.75,0.599095,-1,-1,-1
2393,175,996.24,908.07,120.25,167.96,0.581763,-1,-1,-1
2396,172,804.06,761.23,84.13,247.05,0.545478,-1,-1,-1
2397,172,804.74,761.04,82.76,246.47,0.552136,-1,-1,-1
2398,172,805.54,761.39,81.23,245.48,0.570072,-1,-1,-1
2399,172,806.12,761.48,80.17,245.23,0.551131,-1,-1,-1
2400,172,805.87,760.76,79.50,245.88,0.519863,-1,-1,-1
2402,176,408.96,922.27,74.05,157.20,0.522227,-1,-1,-1
2402,172,802.43,761.11,79.60,245.33,0.517097,-1,-1,-1
2403,176,408.62,921.65,74.39,157.93,0.504349,-1,-1,-1
2403,172,802.36,761.38,79.45,244.75,0.527958,-1,-1,-1
2404,176,408.38,921.54,74.61,158.38,0.519404,-1,-1,-1
2405,176,408.15,921.18,74.83,158.82,0.509787,-1,-1,-1
2410,172,807.08,763.10,77.49,242.21,0.536532,-1,-1,-1
2411,175,986.05,846.30,124.78,188.41,0.510600,-1,-1,-1
2414,175,992.01,842.28,116.01,186.10,0.500904,-1,-1,-1
2415,172,808.82,763.30,76.02,241.32,0.519131,-1,-1,-1
2417,178,1115.52,782.63,70.78,199.12,0.513983,-1,-1,-1
2418,176,407.17,917.17,76.55,162.56,0.510587,-1,-1,-1
2420,172,810.68,762.91,75.39,241.19,0.501988,-1,-1,-1
2421,172,811.01,762.87,74.92,241.02,0.519065,-1,-1,-1
2429,172,822.33,805.17,64.36,196.69,0.507354,-1,-1,-1
2430,172,820.90,806.09,66.47,196.23,0.541157,-1,-1,-1
2431,172,821.24,807.71,67.62,194.24,0.513230,-1,-1,-1
2432,172,821.12,805.19,69.71,197.00,0.567883,-1,-1,-1
2438,172,819.93,797.66,74.20,205.20,0.535105,-1,-1,-1
2439,172,819.82,795.50,75.86,206.93,0.552775,-1,-1,-1
2440,172,819.55,793.90,77.41,208.50,0.546155,-1,-1,-1
2441,172,819.67,793.48,78.32,208.88,0.562644,-1,-1,-1
2442,172,819.87,792.29,79.60,210.21,0.597871,-1,-1,-1
2443,172,820.36,791.46,80.36,210.61,0.559590,-1,-1,-1
2444,172,820.78,790.58,81.39,211.64,0.564030,-1,-1,-1
2445,172,821.21,789.81,82.09,212.32,0.546093,-1,-1,-1
2446,172,821.86,789.47,82.44,212.43,0.524849,-1,-1,-1
2447,172,822.86,790.91,82.20,210.80,0.536347,-1,-1,-1
2450,172,827.73,802.28,78.82,199.66,0.505894,-1,-1,-1
2451,180,1029.56,745.00,80.59,178.09,0.570627,-1,-1,-1
2452,180,1032.16,744.16,80.49,177.99,0.557821,-1,-1,-1
2452,172,829.80,805.30,78.29,196.49,0.517908,-1,-1,-1
2453,180,1034.64,742.49,80.96,179.37,0.501231,-1,-1,-1
2454,180,1037.31,741.35,80.93,179.52,0.501900,-1,-1,-1
2454,172,831.20,807.31,78.31,195.62,0.524551,-1,-1,-1
2455,180,1037.97,738.49,81.02,180.17,0.522144,-1,-1,-1
2455,172,831.14,806.87,78.90,196.97,0.521015,-1,-1,-1
2456,172,831.85,807.25,78.56,195.95,0.515174,-1,-1,-1
2458,172,833.21,809.75,78.15,195.24,0.537050,-1,-1,-1
2459,172,832.86,810.83,77.67,194.56,0.548556,-1,-1,-1
2460,172,832.85,810.63,77.71,195.15,0.507051,-1,-1,-1
2462,172,832.02,812.95,77.26,194.56,0.522861,-1,-1,-1
2463,172,830.91,812.95,77.25,195.51,0.509961,-1,-1,-1
2464,172,829.76,814.76,76.40,194.41,0.514176,-1,-1,-1
2465,172,828.94,815.42,75.83,194.07,0.543082,-1,-1,-1
2466,172,828.34,818.53,74.42,191.17,0.512075,-1,-1,-1
2467,172,827.58,818.02,74.42,191.52,0.515474,-1,-1,-1
2468,172,827.64,817.01,74.37,192.07,0.556646,-1,-1,-1
2468,182,86.66,1004.00,66.95,75.22,0.543098,-1,-1,-1
2469,172,827.07,818.41,73.55,190.38,0.511682,-1,-1,-1
2469,182,86.09,1001.74,68.79,77.38,0.560697,-1,-1,-1
2470,172,826.31,818.59,73.13,189.93,0.506559,-1,-1,-1
2470,182,85.13,998.36,71.40,80.55,0.510967,-1,-1,-1
2471,182,83.22,995.49,74.15,84.12,0.500397,-1,-1,-1
2472,182,81.83,992.42,76.59,87.50,0.537380,-1,-1,-1
2473,182,80.57,990.08,78.05,89.92,0.533328,-1,-1,-1
2475,182,79.24,983.93,81.96,95.88,0.503222,-1,-1,-1
2480,182,75.88,968.73,91.74,110.76,0.509886,-1,-1,-1
2481,182,75.34,965.99,91.29,113.51,0.537366,-1,-1,-1
2482,182,76.01,963.39,90.87,116.20,0.556263,-1,-1,-1
2483,182,76.74,960.68,90.24,118.78,0.588837,-1,-1,-1
2484,182,78.19,957.05,90.37,122.23,0.593703,-1,-1,-1
2486,182,78.93,951.50,91.82,127.87,0.512534,-1,-1,-1
2487,184,1424.78,792.86,79.87,164.01,0.525628,-1,-1,-1
2487,182,80.09,949.24,90.92,130.12,0.604759,-1,-1,-1
2488,184,1424.31,790.81,78.90,161.67,0.528267,-1,-1,-1
2488,182,81.39,946.89,90.03,132.41,0.617417,-1,-1,-1
2489,184,1422.88,787.12,78.88,161.42,0.501482,-1,-1,-1
2489,182,83.88,945.99,87.41,131.91,0.607315,-1,-1,-1
2490,182,84.75,942.68,87.49,135.54,0.599064,-1,-1,-1
2491,182,87.19,940.65,86.45,137.40,0.587568,-1,-1,-1
2492,182,88.93,938.79,85.65,139.41,0.593022,-1,-1,-1
2493,182,89.29,935.91,85.38,142.34,0.606918,-1,-1,-1
2494,182,90.32,933.04,85.41,146.10,0.625165,-1,-1,-1
2495,182,89.95,929.29,85.61,150.06,0.660127,-1,-1,-1
2496,182,90.08,925.72,85.43,153.32,0.672924,-1,-1,-1
2497,182,90.23,922.12,85.30,156.43,0.608393,-1,-1,-1
2498,182,91.22,919.31,84.60,158.52,0.581454,-1,-1,-1
2499,182,92.28,916.68,84.01,160.71,0.620148,-1,-1,-1
2500,182,92.47,914.34,83.48,162.96,0.640175,-1,-1,-1
2501,182,92.67,911.98,82.83,165.22,0.646827,-1,-1,-1
2502,182,93.15,910.07,82.21,166.78,0.582482,-1,-1,-1
2503,182,93.06,908.43,81.53,168.06,0.611238,-1,-1,-1
2504,182,93.64,906.66,80.79,169.18,0.556916,-1,-1,-1
2505,182,94.48,904.49,80.39,171.08,0.558329,-1,-1,-1
2506,182,93.76,901.72,80.12,173.31,0.626321,-1,-1,-1
2507,182,93.67,898.67,79.53,174.65,0.641381,-1,-1,-1
2508,182,93.95,895.31,79.46,177.52,0.608676,-1,-1,-1
2509,182,93.76,892.27,80.18,182.51,0.608190,-1,-1,-1
2510,182,94.16,888.72,80.47,187.06,0.556529,-1,-1,-1
2511,182,95.06,885.28,81.02,192.42,0.599170,-1,-1,-1
2512,182,98.18,883.25,77.13,185.55,0.570078,-1,-1,-1
2513,182,99.30,880.41,77.51,188.37,0.594877,-1,-1,-1
2514,182,100.78,878.13,75.70,185.04,0.586142,-1,-1,-1
2515,182,101.71,876.22,75.06,184.45,0.598459,-1,-1,-1
2516,182,102.44,873.83,73.66,181.79,0.562760,-1,-1,-1
2517,182,102.82,870.99,71.11,175.82,0.556491,-1,-1,-1
2518,182,103.31,868.80,70.03,173.21,0.524507,-1,-1,-1
2519,182,104.07,866.87,69.26,171.85,0.601224,-1,-1,-1
2520,182,104.36,864.13,69.53,173.35,0.550063,-1,-1,-1
2521,182,106.19,861.11,68.87,172.39,0.508047,-1,-1,-1
2522,182,107.41,859.63,68.19,171.35,0.514057,-1,-1,-1
2523,182,108.94,856.58,67.15,169.06,0.528537,-1,-1,-1
2529,182,108.02,837.97,68.75,174.71,0.539817,-1,-1,-1
2530,182,107.60,835.18,68.50,175.74,0.573256,-1,-1,-1
2531,182,107.37,832.39,68.37,176.65,0.521714,-1,-1,-1
2532,182,107.47,830.41,65.08,168.13,0.537614,-1,-1,-1
2533,182,106.98,828.60,63.15,162.87,0.580561,-1,-1,-1
2533,188,50.09,582.59,64.80,140.98,0.549063,-1,-1,-1
2534,182,106.85,826.72,61.74,158.98,0.501003,-1,-1,-1
2534,188,46.05,580.48,65.59,142.91,0.518038,-1,-1,-1
2537,182,102.29,815.18,64.14,164.81,0.543010,-1,-1,-1
2538,182,100.95,811.17,64.28,165.82,0.527128,-1,-1,-1
2539,182,100.05,808.82,63.80,164.37,0.507089,-1,-1,-1
2539,188,32.10,573.15,68.12,148.84,0.568642,-1,-1,-1
2540,182,98.50,805.89,64.46,165.82,0.560457,-1,-1,-1
2540,188,30.22,572.95,67.69,148.42,0.541624,-1,-1,-1
2541,182,97.35,804.21,64.71,166.51,0.538036,-1,-1,-1
2541,188,28.67,572.40,67.84,149.22,0.545068,-1,-1,-1
2542,182,96.27,800.90,65.20,167.82,0.554469,-1,-1,-1
2542,188,25.58,570.75,68.07,150.54,0.585078,-1,-1,-1
2543,182,95.23,798.30,66.09,170.75,0.558687,-1,-1,-1
2544,182,94.38,796.63,66.50,172.19,0.566709,-1,-1,-1
2545,182,93.41,794.29,67.11,174.44,0.568232,-1,-1,-1
2546,182,93.12,792.00,67.21,176.00,0.574682,-1,-1,-1
2546,189,227.60,932.15,80.39,147.78,0.592847,-1,-1,-1
2547,182,92.15,788.60,67.68,178.39,0.567896,-1,-1,-1
2547,189,229.67,926.93,83.22,153.06,0.508796,-1,-1,-1
2548,182,91.66,786.58,67.85,179.79,0.589321,-1,-1,-1
2548,189,232.97,924.25,84.63,155.75,0.531099,-1,-1,-1
2548,188,8.63,561.82,63.65,142.76,0.503713,-1,-1,-1
2549,182,91.09,784.81,68.06,181.33,0.558459,-1,-1,-1
2550,182,91.36,782.72,67.57,180.89,0.549927,-1,-1,-1
2550,189,239.90,918.79,87.25,161.03,0.557849,-1,-1,-1
2553,182,92.70,774.92,62.40,167.34,0.529145,-1,-1,-1
2553,189,244.40,908.22,92.54,170.91,0.568219,-1,-1,-1
2554,191,350.55,686.03,70.85,175.11,0.523117,-1,-1,-1
2554,182,92.43,771.70,61.45,165.48,0.511530,-1,-1,-1
2554,189,245.00,902.59,95.68,176.77,0.582882,-1,-1,-1
2555,189,246.18,899.33,97.26,179.79,0.569662,-1,-1,-1
2556,189,246.39,896.03,98.72,182.75,0.586999,-1,-1,-1
2556,191,349.82,683.56,72.55,179.54,0.521567,-1,-1,-1
2556,182,91.71,764.88,61.23,164.32,0.513693,-1,-1,-1
2557,189,246.64,893.13,99.82,185.37,0.652745,-1,-1,-1
2557,191,349.91,683.55,71.94,178.01,0.531759,-1,-1,-1
2557,182,91.06,762.42,61.25,164.02,0.511110,-1,-1,-1
2558,189,248.57,888.90,101.35,188.71,0.521924,-1,-1,-1
2558,191,349.62,681.21,72.86,180.67,0.572048,-1,-1,-1
2559,191,349.93,680.82,72.91,181.20,0.553817,-1,-1,-1
2560,191,350.82,681.37,71.95,179.31,0.614065,-1,-1,-1
2561,191,350.77,681.66,71.34,178.27,0.633217,-1,-1,-1
2561,189,253.82,878.09,104.81,198.29,0.542401,-1,-1,-1
2562,191,351.18,682.26,71.03,178.08,0.570092,-1,-1,-1
2562,189,257.64,876.56,103.63,199.89,0.628223,-1,-1,-1
2562,182,84.26,748.00,64.56,173.59,0.571761,-1,-1,-1
2563,191,351.47,682.58,70.70,177.78,0.566498,-1,-1,-1
2563,189,262.38,873.75,101.84,200.73,0.635513,-1,-1,-1
2563,182,82.57,745.15,64.98,175.56,0.536949,-1,-1,-1
2564,191,351.54,681.31,70.50,177.77,0.634754,-1,-1,-1
2564,189,266.98,867.83,99.53,200.35,0.691195,-1,-1,-1
2564,182,80.89,742.31,65.01,176.17,0.516125,-1,-1,-1
2565,191,351.29,681.58,69.92,176.94,0.630906,-1,-1,-1
2565,189,272.32,865.31,94.77,194.75,0.651806,-1,-1,-1
2565,192,1311.36,928.97,75.47,150.15,0.546786,-1,-1,-1
2566,191,350.98,680.98,69.63,176.73,0.648063,-1,-1,-1
2566,189,275.50,861.58,93.06,195.41,0.616857,-1,-1,-1
2566,192,1310.98,927.45,76.09,151.35,0.555180,-1,-1,-1
2567,191,351.40,680.56,69.17,176.38,0.652740,-1,-1,-1
2567,189,278.32,857.27,91.85,196.62,0.669587,-1,-1,-1
2567,192,1311.57,925.81,76.61,152.40,0.525935,-1,-1,-1
2567,182,77.69,734.35,63.53,171.30,0.510264,-1,-1,-1
2568,191,352.00,680.79,68.26,174.72,0.655475,-1,-1,-1
2568,189,281.96,853.32,91.05,197.70,0.594400,-1,-1,-1
2568,182,76.17,731.43,62.78,168.56,0.514374,-1,-1,-1
2569,191,352.20,680.17,67.76,174.26,0.640799,-1,-1,-1
2569,189,285.78,849.89,91.01,200.54,0.554084,-1,-1,-1
2569,182,74.17,727.57,62.73,168.64,0.527203,-1,-1,-1
2570,191,352.40,679.48,67.51,174.53,0.662231,-1,-1,-1
2570,189,289.83,846.44,91.88,204.62,0.627731,-1,-1,-1
2570,182,72.49,722.49,62.86,169.28,0.514409,-1,-1,-1
2571,191,352.61,680.48,66.64,172.97,0.660203,-1,-1,-1
2571,189,293.01,843.85,91.63,206.44,0.632546,-1,-1,-1
2571,182,71.09,718.92,61.93,166.53,0.525592,-1,-1,-1
2572,191,352.86,680.84,66.15,172.40,0.661460,-1,-1,-1
2572,189,296.15,842.84,89.77,204.26,0.611081,-1,-1,-1
2572,182,70.57,717.10,61.55,165.35,0.559543,-1,-1,-1
2573,191,352.65,679.50,66.45,174.03,0.622328,-1,-1,-1
2573,189,299.46,842.17,88.15,201.85,0.516026,-1,-1,-1
2573,182,69.28,713.15,62.08,167.39,0.513258,-1,-1,-1
2574,191,352.79,679.15,66.48,175.00,0.608772,-1,-1,-1
2574,182,68.04,710.97,61.51,165.69,0.521245,-1,-1,-1
2575,191,353.06,679.13,66.48,175.72,0.650137,-1,-1,-1
2576,191,353.02,678.92,66.44,176.30,0.656691,-1,-1,-1
2577,191,353.17,678.69,66.52,177.48,0.652189,-1,-1,-1
2577,194,1042.90,896.49,84.80,169.77,0.516186,-1,-1,-1
2577,189,317.54,838.05,80.44,184.51,0.507001,-1,-1,-1
2578,191,353.89,678.40,66.02,177.00,0.647718,-1,-1,-1
2579,191,354.68,677.85,65.62,177.12,0.644687,-1,-1,-1
2579,189,322.56,827.92,82.66,188.54,0.547664,-1,-1,-1
2580,191,354.61,676.54,66.00,179.59,0.639805,-1,-1,-1
2580,189,324.10,826.99,83.36,188.88,0.543618,-1,-1,-1
2581,191,353.49,675.46,66.78,182.58,0.599719,-1,-1,-1
2581,196,411.80,904.35,75.61,173.45,0.507068,-1,-1,-1
2581,194,1038.55,887.85,86.19,173.40,0.511729,-1,-1,-1
2582,191,353.61,676.93,65.03,177.22,0.524912,-1,-1,-1
2585,192,1306.65,881.50,94.67,192.76,0.517869,-1,-1,-1
2586,192,1309.62,878.97,92.52,194.07,0.525953,-1,-1,-1
2587,192,1310.43,874.01,91.70,198.04,0.503072,-1,-1,-1
2590,194,1045.21,866.31,90.41,182.73,0.506910,-1,-1,-1
2591,194,1047.47,862.66,88.83,180.47,0.520342,-1,-1,-1
2592,194,1048.88,859.90,87.78,179.52,0.556056,-1,-1,-1
2593,194,1049.27,858.23,86.40,177.42,0.615725,-1,-1,-1
2594,194,1049.57,857.10,85.20,175.50,0.591559,-1,-1,-1
2594,201,0.42,836.05,59.11,195.59,0.504227,-1,-1,-1
2595,194,1049.10,855.61,85.43,176.74,0.589418,-1,-1,-1
2595,201,0.12,836.31,59.20,195.89,0.523267,-1,-1,-1
2596,194,1049.31,853.73,85.22,177.02,0.562944,-1,-1,-1
2597,194,1049.42,851.56,85.22,177.78,0.553689,-1,-1,-1
2598,194,1049.22,849.28,85.85,180.15,0.596366,-1,-1,-1
2599,194,1049.06,847.23,85.88,181.17,0.562046,-1,-1,-1
2600,194,1047.12,845.21,88.14,187.92,0.569794,-1,-1,-1
2601,194,1045.39,843.80,90.94,196.10,0.500586,-1,-1,-1
2602,194,1044.14,842.25,92.71,202.27,0.576541,-1,-1,-1
2603,194,1044.38,839.04,90.95,199.75,0.560365,-1,-1,-1
2604,194,1046.75,836.82,87.91,193.36,0.572495,-1,-1,-1
2605,194,1048.42,834.36,84.96,186.24,0.587798,-1,-1,-1
2606,194,1048.04,830.43,85.38,187.12,0.514371,-1,-1,-1
2607,194,1047.22,825.62,87.19,191.45,0.503662,-1,-1,-1
2608,194,1047.46,823.94,85.70,187.80,0.523960,-1,-1,-1
2619,202,351.46,681.28,64.97,173.92,0.501695,-1,-1,-1
2620,202,352.04,681.51,64.70,173.22,0.520661,-1,-1,-1
2621,202,352.12,681.12,65.05,174.00,0.504493,-1,-1,-1
2622,202,352.20,680.71,65.41,174.75,0.511199,-1,-1,-1
2623,202,351.96,680.21,65.88,175.72,0.535227,-1,-1,-1
2624,202,351.82,680.13,65.89,175.51,0.563894,-1,-1,-1
2625,202,351.33,680.05,66.07,175.79,0.589557,-1,-1,-1
2626,202,351.39,679.88,66.24,176.14,0.588457,-1,-1,-1
2627,202,351.59,680.95,65.87,174.82,0.594267,-1,-1,-1
2628,202,351.51,681.11,65.88,174.53,0.591551,-1,-1,-1
2629,202,351.27,680.79,66.13,174.89,0.568169,-1,-1,-1
2630,202,351.05,680.20,66.59,175.82,0.550390,-1,-1,-1
2631,202,350.95,680.12,66.66,175.68,0.512717,-1,-1,-1
2632,202,350.68,679.35,67.37,177.60,0.534948,-1,-1,-1
2633,202,350.67,678.92,67.77,178.59,0.542116,-1,-1,-1
2634,202,350.81,679.81,67.53,177.73,0.554825,-1,-1,-1
2635,202,350.88,680.16,67.50,177.46,0.531868,-1,-1,-1
2636,202,350.50,680.11,67.80,178.22,0.563136,-1,-1,-1
2637,202,350.14,679.89,68.14,179.08,0.558316,-1,-1,-1
2638,202,349.84,679.64,68.36,179.62,0.586486,-1,-1,-1
2639,202,349.88,679.29,68.49,180.05,0.586383,-1,-1,-1
2640,202,350.15,680.04,68.56,180.13,0.593635,-1,-1,-1
2641,202,350.34,680.22,68.76,180.87,0.569422,-1,-1,-1
2642,202,350.45,680.69,68.70,180.59,0.559924,-1,-1,-1
2643,202,350.37,681.23,69.04,181.16,0.573980,-1,-1,-1
2644,202,350.51,681.88,69.03,181.22,0.518069,-1,-1,-1
2645,202,350.99,682.78,68.86,180.97,0.509270,-1,-1,-1
2645,203,1042.12,928.31,69.45,150.75,0.518352,-1,-1,-1
2646,202,351.03,682.92,68.81,180.85,0.521076,-1,-1,-1
2646,203,1041.51,924.02,71.67,155.77,0.538505,-1,-1,-1
2646,205,1050.15,775.68,85.84,165.02,0.558783,-1,-1,-1
2647,202,351.20,684.32,67.89,177.62,0.526028,-1,-1,-1
2647,203,1041.71,920.74,72.77,158.41,0.506604,-1,-1,-1
2647,205,1046.16,774.59,84.43,162.58,0.552929,-1,-1,-1
2648,202,350.89,685.05,67.69,176.48,0.509465,-1,-1,-1
2648,205,1044.85,772.61,84.05,162.24,0.535293,-1,-1,-1
2648,206,0.22,846.74,57.97,191.88,0.558095,-1,-1,-1
2649,202,350.95,684.46,68.55,178.95,0.526067,-1,-1,-1
2649,205,1048.05,770.34,84.21,162.62,0.522906,-1,-1,-1
2649,206,0.47,846.96,57.56,190.49,0.517397,-1,-1,-1
2649,203,1042.68,912.26,75.61,165.07,0.508191,-1,-1,-1
2650,206,0.62,847.44,57.29,189.56,0.509153,-1,-1,-1
2650,203,1041.00,909.72,76.43,167.58,0.510193,-1,-1,-1
2651,206,0.17,847.34,57.92,191.73,0.542695,-1,-1,-1
2651,202,351.24,685.59,67.73,176.03,0.519897,-1,-1,-1
2652,206,0.12,847.28,57.27,189.59,0.515508,-1,-1,-1
2652,202,351.30,685.57,67.83,175.58,0.513982,-1,-1,-1
2653,202,351.91,685.76,68.41,177.01,0.535374,-1,-1,-1
2654,202,352.21,685.81,68.75,177.94,0.505933,-1,-1,-1
2654,207,1104.39,909.96,77.93,162.68,0.513322,-1,-1,-1
2654,203,1037.83,897.22,81.57,180.81,0.519186,-1,-1,-1
2655,202,352.33,685.58,68.88,178.36,0.521486,-1,-1,-1
2655,206,0.00,846.51,58.20,192.86,0.538781,-1,-1,-1
2656,206,0.00,846.49,59.14,199.53,0.537010,-1,-1,-1
2657,206,0.00,846.47,59.61,204.27,0.533925,-1,-1,-1
2658,206,0.00,846.25,59.51,204.56,0.539279,-1,-1,-1
2658,203,1032.93,888.83,84.52,190.32,0.505289,-1,-1,-1
2658,202,351.96,686.29,68.18,175.29,0.505587,-1,-1,-1
2659,206,0.00,845.99,59.51,206.43,0.547601,-1,-1,-1
2659,203,1032.83,887.64,84.01,191.77,0.505127,-1,-1,-1
2659,202,351.78,686.32,68.39,174.85,0.517988,-1,-1,-1
2660,206,0.00,846.17,59.02,200.45,0.566368,-1,-1,-1
2660,203,1034.52,884.49,81.10,186.69,0.514427,-1,-1,-1
2660,202,351.35,685.96,68.81,175.14,0.532036,-1,-1,-1
2660,207,1100.97,892.78,83.81,176.86,0.526644,-1,-1,-1
2661,206,0.97,845.92,56.77,190.29,0.572095,-1,-1,-1
2661,203,1037.46,879.59,75.23,173.35,0.520339,-1,-1,-1
2661,202,351.09,685.54,69.25,175.59,0.523408,-1,-1,-1
2661,207,1101.08,888.83,83.79,179.07,0.526547,-1,-1,-1
2662,206,1.79,845.75,55.13,183.38,0.614769,-1,-1,-1
2662,203,1038.83,879.08,71.83,166.01,0.539086,-1,-1,-1
2662,202,351.46,685.06,69.80,177.43,0.552853,-1,-1,-1
2663,206,1.19,845.58,56.66,188.01,0.547893,-1,-1,-1
2663,202,351.91,684.77,69.86,178.30,0.565328,-1,-1,-1
2663,208,1274.45,722.50,66.99,170.70,0.533670,-1,-1,-1
2664,206,0.00,845.18,59.66,199.91,0.511476,-1,-1,-1
2664,202,352.50,683.71,70.09,179.47,0.612019,-1,-1,-1
2664,208,1273.40,719.96,68.18,173.70,0.513256,-1,-1,-1
2665,206,0.00,844.52,61.35,213.59,0.541397,-1,-1,-1
2665,202,352.53,683.21,70.17,180.48,0.565880,-1,-1,-1
2665,205,1057.69,743.74,78.80,150.77,0.501196,-1,-1,-1
2666,202,352.38,683.19,69.60,178.38,0.560258,-1,-1,-1
2666,207,1098.99,875.12,77.19,164.93,0.517187,-1,-1,-1
2667,202,352.05,682.84,70.19,180.18,0.573673,-1,-1,-1
2667,207,1097.35,871.79,76.39,162.28,0.518589,-1,-1,-1
2668,202,352.50,682.21,69.88,179.96,0.569890,-1,-1,-1
2669,202,352.76,682.24,69.77,180.36,0.580538,-1,-1,-1
2670,202,352.99,682.33,69.59,180.46,0.565816,-1,-1,-1
2671,202,352.77,682.17,69.32,180.02,0.583803,-1,-1,-1
2672,202,352.91,682.46,69.07,179.64,0.579198,-1,-1,-1
2673,202,352.75,682.38,69.13,179.84,0.581757,-1,-1,-1
2674,202,352.49,682.00,69.20,180.06,0.559188,-1,-1,-1
2675,202,352.29,680.21,69.63,181.89,0.569683,-1,-1,-1
2676,202,351.78,679.23,69.95,183.04,0.588054,-1,-1,-1
2677,202,351.75,677.64,70.05,183.68,0.591418,-1,-1,-1
2678,202,351.51,676.35,70.31,184.58,0.614286,-1,-1,-1
2679,202,350.76,676.45,69.94,183.53,0.606425,-1,-1,-1
2680,202,350.40,676.09,69.89,183.06,0.598719,-1,-1,-1
2681,202,350.42,675.81,69.96,183.19,0.586616,-1,-1,-1
2682,202,350.78,676.41,69.56,182.12,0.608571,-1,-1,-1
2683,202,350.87,676.66,69.23,181.15,0.604713,-1,-1,-1
2684,202,351.10,677.41,68.90,179.90,0.607969,-1,-1,-1
2685,202,351.14,677.94,68.64,178.90,0.578606,-1,-1,-1
2686,202,351.14,677.36,68.89,179.43,0.612572,-1,-1,-1
2687,202,351.04,677.00,68.89,179.17,0.582383,-1,-1,-1
2688,202,350.82,677.61,68.53,177.84,0.594964,-1,-1,-1
2689,202,350.61,677.73,68.45,177.53,0.581198,-1,-1,-1
2690,202,350.64,677.80,68.41,177.26,0.598377,-1,-1,-1
2691,202,350.98,677.72,68.43,177.28,0.588244,-1,-1,-1
2692,202,351.09,677.53,68.42,177.56,0.590592,-1,-1,-1
2693,202,351.14,678.02,68.00,176.45,0.620191,-1,-1,-1
2694,202,351.09,677.64,68.25,177.22,0.613021,-1,-1,-1
2695,202,351.05,677.58,68.19,177.11,0.621926,-1,-1,-1
2696,202,350.92,677.40,68.30,177.36,0.544953,-1,-1,-1
2698,212,1459.51,941.86,75.57,138.02,0.533773,-1,-1,-1
2699,212,1458.66,939.71,76.71,140.27,0.525671,-1,-1,-1
2700,212,1458.70,936.54,77.81,142.62,0.540447,-1,-1,-1
2701,212,1457.44,933.91,78.98,145.35,0.538493,-1,-1,-1
2701,213,80.04,868.46,95.73,176.49,0.531048,-1,-1,-1
2702,212,1455.17,929.94,80.66,148.92,0.502235,-1,-1,-1
2702,213,81.08,866.80,96.05,177.38,0.559181,-1,-1,-1
2702,214,1373.73,927.08,89.26,152.92,0.509290,-1,-1,-1
2704,212,1453.57,924.02,83.49,155.20,0.519049,-1,-1,-1
2705,213,91.12,860.25,93.91,175.09,0.550285,-1,-1,-1
2705,214,1366.45,912.06,97.40,167.94,0.551393,-1,-1,-1
2706,213,94.49,857.71,93.96,177.36,0.542104,-1,-1,-1
2706,214,1365.09,907.62,99.17,172.27,0.594519,-1,-1,-1
2707,213,98.54,856.35,93.07,177.98,0.571020,-1,-1,-1
2707,214,1363.64,903.91,100.40,176.05,0.530943,-1,-1,-1
2707,212,1452.20,914.58,86.27,162.94,0.513553,-1,-1,-1
2708,213,103.12,856.17,90.64,175.34,0.534462,-1,-1,-1
2708,214,1363.17,900.92,100.93,178.57,0.508541,-1,-1,-1
2708,212,1452.74,909.47,86.45,165.33,0.541750,-1,-1,-1
2709,213,106.86,851.90,91.64,179.43,0.504404,-1,-1,-1
2709,212,1453.07,905.18,85.87,165.25,0.573933,-1,-1,-1
2717,202,350.02,673.46,68.84,180.49,0.523436,-1,-1,-1
2718,202,349.57,673.44,68.57,181.44,0.543704,-1,-1,-1
2719,202,349.38,673.23,68.45,182.03,0.582126,-1,-1,-1
2719,215,83.07,242.84,61.03,145.57,0.515429,-1,-1,-1
2720,202,349.41,672.94,68.29,182.63,0.569887,-1,-1,-1
2720,215,81.01,242.90,61.02,145.76,0.562384,-1,-1,-1
2721,202,348.71,672.78,68.02,182.82,0.527836,-1,-1,-1
2721,215,79.05,243.67,60.55,144.95,0.556383,-1,-1,-1
2722,215,77.65,243.83,60.91,146.39,0.586329,-1,-1,-1
2722,214,1354.44,849.86,98.92,183.84,0.511623,-1,-1,-1
2723,215,76.10,245.44,61.02,147.30,0.594582,-1,-1,-1
2724,215,74.75,246.48,60.73,147.58,0.575986,-1,-1,-1
2724,213,147.12,822.27,87.20,176.10,0.556710,-1,-1,-1
2725,215,73.87,248.34,59.94,147.03,0.601356,-1,-1,-1
2726,215,73.58,249.09,59.24,146.93,0.547061,-1,-1,-1
2727,215,73.08,249.73,59.30,148.72,0.592377,-1,-1,-1
2728,215,73.28,250.73,58.22,147.66,0.553890,-1,-1,-1
2729,215,72.95,250.65,57.95,148.04,0.578679,-1,-1,-1
2730,215,72.73,251.28,57.39,147.90,0.546496,-1,-1,-1
2731,215,72.48,252.11,57.05,148.83,0.544728,-1,-1,-1
2732,215,72.28,253.75,56.12,148.22,0.550369,-1,-1,-1
2733,215,72.15,254.42,55.30,147.91,0.513715,-1,-1,-1
2734,215,71.82,255.37,54.79,147.91,0.521570,-1,-1,-1
2734,212,1453.32,825.09,76.31,153.63,0.519238,-1,-1,-1
2735,215,72.43,255.23,54.44,147.94,0.513046,-1,-1,-1
2736,215,71.89,256.02,53.77,147.63,0.504326,-1,-1,-1
2737,215,71.58,257.39,52.81,146.52,0.546170,-1,-1,-1
2738,215,71.32,257.78,52.07,145.98,0.504097,-1,-1,-1
2740,215,71.44,259.35,50.73,143.72,0.526682,-1,-1,-1
2741,215,71.40,259.40,50.38,143.97,0.531717,-1,-1,-1
2750,215,63.99,262.69,51.13,145.82,0.564170,-1,-1,-1
2751,215,62.48,262.99,51.55,145.71,0.548088,-1,-1,-1
2752,215,61.83,263.77,51.86,145.99,0.551183,-1,-1,-1
2753,215,60.90,264.68,52.08,146.00,0.572549,-1,-1,-1
2754,215,60.22,264.83,52.45,146.45,0.588066,-1,-1,-1
2755,215,58.60,264.44,53.27,148.08,0.595019,-1,-1,-1
2756,215,56.87,264.24,53.61,148.36,0.556889,-1,-1,-1
2757,215,56.83,265.52,54.17,147.66,0.502382,-1,-1,-1
2758,215,55.60,266.55,54.52,146.54,0.508684,-1,-1,-1
2767,215,41.93,267.59,55.78,147.98,0.516001,-1,-1,-1
2768,215,40.25,268.38,55.73,147.74,0.531150,-1,-1,-1
2770,215,37.71,270.59,54.61,145.58,0.524110,-1,-1,-1
2795,217,1338.40,917.51,85.08,162.47,0.502709,-1,-1,-1
2796,217,1337.95,916.06,85.74,163.76,0.503200,-1,-1,-1
2803,217,1324.93,894.23,94.03,181.86,0.511252,-1,-1,-1
2847,223,352.92,661.46,62.02,178.02,0.505300,-1,-1,-1
2851,223,359.46,659.48,62.44,178.80,0.505799,-1,-1,-1
2852,223,360.00,659.71,62.53,178.60,0.525585,-1,-1,-1
2853,223,360.40,659.91,62.42,177.89,0.509894,-1,-1,-1
2854,223,360.27,659.67,62.42,177.47,0.537452,-1,-1,-1
2855,223,360.52,658.87,62.90,178.62,0.549752,-1,-1,-1
2856,223,360.71,658.84,62.93,178.50,0.525614,-1,-1,-1
2857,223,361.26,659.27,62.73,177.74,0.543078,-1,-1,-1
2858,223,361.62,659.73,62.58,177.13,0.546639,-1,-1,-1
2859,223,361.52,658.50,63.02,178.49,0.540300,-1,-1,-1
2860,223,361.61,658.28,63.20,179.02,0.529996,-1,-1,-1
2861,223,361.15,658.43,63.28,179.21,0.540935,-1,-1,-1
2862,223,361.61,658.25,63.17,178.99,0.521493,-1,-1,-1
2863,223,361.89,659.13,62.95,178.31,0.557513,-1,-1,-1
2864,223,361.95,658.69,63.30,179.27,0.545896,-1,-1,-1
2865,223,362.13,658.80,63.41,179.52,0.530029,-1,-1,-1
2866,223,362.58,659.30,63.45,179.75,0.514724,-1,-1,-1
2867,223,362.79,659.90,63.43,179.74,0.546437,-1,-1,-1
2868,223,362.89,659.74,63.37,179.57,0.574218,-1,-1,-1
2869,223,362.79,660.65,63.22,179.13,0.543128,-1,-1,-1
2870,223,362.65,661.25,63.40,179.76,0.566900,-1,-1,-1
2871,223,362.63,661.00,63.38,179.71,0.504204,-1,-1,-1
2872,223,362.69,660.80,63.47,180.22,0.521818,-1,-1,-1
2873,223,363.02,660.94,62.95,178.98,0.506583,-1,-1,-1
2875,223,363.39,660.62,63.01,179.39,0.508685,-1,-1,-1
2876,223,363.73,660.53,62.70,178.44,0.507120,-1,-1,-1
2877,223,364.10,660.55,62.12,176.66,0.544705,-1,-1,-1
2878,223,364.37,660.91,61.79,175.69,0.586414,-1,-1,-1
2879,223,364.41,660.13,61.62,175.14,0.600896,-1,-1,-1
2879,227,44.47,296.15,53.24,143.26,0.542401,-1,-1,-1
2880,223,364.24,660.46,61.90,176.17,0.584475,-1,-1,-1
2880,227,44.09,296.01,53.67,144.43,0.562554,-1,-1,-1
2881,223,363.94,660.80,61.93,175.97,0.579426,-1,-1,-1
2881,227,43.84,296.56,53.28,143.32,0.546535,-1,-1,-1
2882,223,363.61,661.28,61.96,176.00,0.582984,-1,-1,-1
2882,227,44.14,297.00,52.48,141.02,0.532473,-1,-1,-1
2883,223,363.09,661.31,62.55,177.66,0.576891,-1,-1,-1
2883,227,44.00,297.99,52.13,140.09,0.505474,-1,-1,-1
2884,223,362.93,660.56,62.99,178.89,0.588209,-1,-1,-1
2884,227,44.03,298.15,52.07,139.93,0.520283,-1,-1,-1
2885,223,362.74,660.69,63.35,179.75,0.569937,-1,-1,-1
2885,227,43.55,298.04,52.92,142.54,0.514561,-1,-1,-1
2886,223,362.95,661.81,63.10,178.80,0.566870,-1,-1,-1
2886,227,43.34,297.99,53.58,144.62,0.524635,-1,-1,-1
2887,223,362.99,661.15,63.38,179.72,0.536400,-1,-1,-1
2887,227,43.89,298.68,52.69,142.46,0.506746,-1,-1,-1
2888,223,363.92,661.60,62.83,178.08,0.555612,-1,-1,-1
2889,223,364.39,662.31,61.98,175.44,0.554917,-1,-1,-1
2890,223,364.70,663.36,61.55,173.97,0.531723,-1,-1,-1
2891,223,364.72,664.60,61.68,174.00,0.520059,-1,-1,-1
2894,227,42.58,301.74,53.55,145.66,0.507384,-1,-1,-1
2896,227,41.97,300.57,54.71,149.78,0.502820,-1,-1,-1
2904,231,1485.41,846.43,70.92,165.93,0.599989,-1,-1,-1
2905,231,1483.14,845.02,72.61,169.95,0.559139,-1,-1,-1
2906,231,1482.64,843.70,72.67,170.09,0.518827,-1,-1,-1
2908,231,1479.72,838.00,74.18,174.06,0.511726,-1,-1,-1
2909,231,1478.04,835.40,74.84,176.35,0.552406,-1,-1,-1
2913,231,1474.34,824.87,72.70,172.49,0.595533,-1,-1,-1
2914,231,1473.49,821.57,72.05,172.01,0.543316,-1,-1,-1
2928,231,1456.46,781.72,67.84,162.70,0.504750,-1,-1,-1
2929,231,1455.31,778.64,66.45,158.65,0.513287,-1,-1,-1
2930,231,1454.05,777.65,66.27,157.63,0.568339,-1,-1,-1
2931,231,1451.81,773.18,68.03,161.73,0.567556,-1,-1,-1
2932,231,1450.59,770.98,69.07,165.42,0.628292,-1,-1,-1
2932,235,44.03,304.09,54.61,150.80,0.513168,-1,-1,-1
2933,231,1448.79,768.36,69.87,168.65,0.599012,-1,-1,-1
2934,231,1447.22,766.91,70.27,170.19,0.540358,-1,-1,-1
2939,231,1442.69,751.72,70.31,170.19,0.584677,-1,-1,-1
2940,231,1442.43,748.86,70.39,170.02,0.594977,-1,-1,-1
2941,231,1441.94,745.11,70.31,169.20,0.528834,-1,-1,-1
2952,235,43.21,299.50,54.83,151.85,0.562051,-1,-1,-1
2953,235,43.33,299.22,54.56,151.66,0.537516,-1,-1,-1
2954,235,43.16,299.18,54.99,153.47,0.571878,-1,-1,-1
2955,235,43.12,299.88,54.88,153.14,0.584899,-1,-1,-1
2956,235,43.45,299.31,54.74,152.81,0.577592,-1,-1,-1
2956,231,1428.63,708.09,67.01,161.97,0.526268,-1,-1,-1
2957,235,43.39,299.17,54.69,152.90,0.593759,-1,-1,-1
2958,235,43.26,298.29,55.04,153.95,0.559907,-1,-1,-1
2959,235,43.13,297.89,55.21,154.44,0.594836,-1,-1,-1
2960,235,43.50,297.61,54.82,153.30,0.584365,-1,-1,-1
2961,235,44.02,296.91,54.53,152.73,0.574645,-1,-1,-1
2962,235,44.29,297.52,54.04,151.34,0.577947,-1,-1,-1
2962,231,1425.53,692.26,68.67,168.19,0.541245,-1,-1,-1
2963,235,44.54,296.65,54.03,151.62,0.591446,-1,-1,-1
2963,231,1425.42,690.86,67.93,167.68,0.608530,-1,-1,-1
2964,235,44.56,296.20,54.07,152.13,0.581266,-1,-1,-1
2964,231,1425.61,688.96,67.57,167.30,0.571374,-1,-1,-1
2965,235,44.64,296.72,53.74,151.48,0.557855,-1,-1,-1
2965,231,1425.44,685.86,67.91,168.13,0.550413,-1,-1,-1
2966,235,44.62,296.98,53.48,150.85,0.572426,-1,-1,-1
2967,235,44.38,297.81,53.07,149.42,0.571258,-1,-1,-1
2968,235,44.28,297.38,53.26,149.89,0.608006,-1,-1,-1
2969,235,44.63,297.28,53.31,149.92,0.575194,-1,-1,-1
2970,235,44.55,297.56,53.22,149.69,0.597246,-1,-1,-1
2970,237,1491.37,947.90,74.13,131.66,0.503326,-1,-1,-1
2971,235,44.44,297.70,53.27,149.72,0.587227,-1,-1,-1
2972,235,44.23,297.59,53.31,149.68,0.607094,-1,-1,-1
2973,235,43.99,297.43,53.41,149.68,0.577371,-1,-1,-1
2974,235,44.00,297.79,53.38,149.43,0.583770,-1,-1,-1
2975,235,43.75,297.21,53.72,150.09,0.570382,-1,-1,-1
2976,235,43.45,297.11,53.82,150.06,0.590762,-1,-1,-1
2976,237,1485.57,944.59,76.11,135.40,0.503084,-1,-1,-1
2977,235,43.69,296.94,53.90,150.23,0.577083,-1,-1,-1
2977,237,1484.88,944.52,75.98,135.48,0.544911,-1,-1,-1
2978,235,43.92,297.03,53.89,150.36,0.564262,-1,-1,-1
2978,237,1485.32,944.37,76.06,135.63,0.578175,-1,-1,-1
2978,239,366.73,668.07,59.04,170.04,0.502204,-1,-1,-1
2979,235,43.89,296.75,53.98,150.56,0.549095,-1,-1,-1
2979,239,366.77,667.50,59.23,170.56,0.519096,-1,-1,-1
2980,235,43.94,296.26,54.16,151.06,0.545747,-1,-1,-1
2981,235,43.62,295.94,54.21,151.01,0.593032,-1,-1,-1
2982,235,43.60,296.02,54.24,150.89,0.613124,-1,-1,-1
2982,237,1485.17,943.10,76.09,136.34,0.511470,-1,-1,-1
2982,239,366.71,667.03,59.43,171.13,0.507784,-1,-1,-1
2983,235,43.64,296.33,54.16,150.49,0.591577,-1,-1,-1
2983,239,366.67,667.52,59.31,170.75,0.503395,-1,-1,-1
2984,235,43.74,296.46,54.08,150.15,0.600146,-1,-1,-1
2984,237,1485.00,943.44,75.91,136.37,0.502231,-1,-1,-1
2985,235,43.90,296.70,53.87,149.50,0.582065,-1,-1,-1
2986,235,43.94,296.95,53.81,149.22,0.569604,-1,-1,-1
2987,235,43.97,296.91,53.72,148.84,0.599066,-1,-1,-1
2988,235,43.83,296.67,53.84,148.96,0.582064,-1,-1,-1
2989,235,44.03,296.75,53.87,148.89,0.569441,-1,-1,-1
2990,235,44.01,296.65,53.86,148.83,0.567262,-1,-1,-1
2991,235,44.27,296.99,53.49,147.72,0.560436,-1,-1,-1
2991,239,367.96,667.23,58.77,168.81,0.538080,-1,-1,-1
2992,235,44.44,297.05,53.43,147.54,0.557176,-1,-1,-1
2992,239,367.69,666.14,59.30,170.04,0.544764,-1,-1,-1
2993,235,44.52,297.18,53.33,147.26,0.548302,-1,-1,-1
2993,239,367.40,665.42,59.87,171.21,0.549326,-1,-1,-1
2994,235,44.49,296.82,53.29,146.84,0.506645,-1,-1,-1
2994,239,366.98,665.13,60.47,172.39,0.514567,-1,-1,-1
2995,239,366.98,664.98,60.83,172.97,0.530914,-1,-1,-1
2996,239,366.79,665.27,60.88,172.65,0.540834,-1,-1,-1
2996,235,44.40,297.13,53.43,147.48,0.520472,-1,-1,-1
2997,239,366.79,665.41,60.99,172.77,0.562342,-1,-1,-1
2997,235,44.56,297.39,53.57,147.98,0.530018,-1,-1,-1
2998,239,366.74,666.16,60.74,172.01,0.594389,-1,-1,-1
2998,235,44.89,297.60,53.49,148.14,0.531166,-1,-1,-1
2999,239,367.30,666.10,60.73,171.69,0.532152,-1,-1,-1
3000,239,367.85,666.79,60.61,170.84,0.542661,-1,-1,-1
3001,239,367.84,667.46,60.53,170.04,0.540746,-1,-1,-1
3002,239,367.59,667.09,61.02,170.38,0.532254,-1,-1,-1
3003,239,367.23,666.73,61.84,171.68,0.525317,-1,-1,-1
3004,239,366.80,665.35,62.31,172.17,0.512662,-1,-1,-1
3005,239,367.30,665.79,62.38,171.07,0.507641,-1,-1,-1
3006,239,367.44,665.59,62.87,171.13,0.533432,-1,-1,-1
3007,239,366.79,664.13,63.59,171.66,0.563152,-1,-1,-1
3008,239,366.08,664.08,63.93,172.11,0.589183,-1,-1,-1
3008,243,1394.69,586.59,63.35,155.09,0.503039,-1,-1,-1
3009,239,365.83,663.72,64.15,172.79,0.531543,-1,-1,-1
3009,243,1393.64,584.35,62.49,152.97,0.555261,-1,-1,-1
3010,239,365.87,663.89,64.09,172.78,0.521798,-1,-1,-1
3011,243,1391.50,576.85,63.51,155.73,0.560027,-1,-1,-1
3012,243,1390.15,575.04,64.51,158.62,0.539503,-1,-1,-1
3012,235,44.61,295.79,53.03,146.13,0.502353,-1,-1,-1
3013,243,1388.56,574.28,64.90,160.14,0.588309,-1,-1,-1
3013,239,366.05,662.06,64.39,173.98,0.551388,-1,-1,-1
3014,243,1387.25,573.56,64.89,160.62,0.574956,-1,-1,-1
3014,239,365.35,661.85,64.52,174.74,0.572734,-1,-1,-1
3015,243,1386.42,572.12,65.44,162.50,0.599701,-1,-1,-1
3015,239,365.29,663.40,63.98,173.60,0.541117,-1,-1,-1
3016,243,1385.36,570.11,66.13,165.00,0.617775,-1,-1,-1
3016,239,365.49,664.42,63.59,173.16,0.571286,-1,-1,-1
3016,235,44.60,297.36,53.25,146.54,0.501317,-1,-1,-1
3017,243,1384.64,569.46,65.12,163.29,0.558408,-1,-1,-1
3017,239,364.93,664.01,63.55,173.53,0.593654,-1,-1,-1
3018,239,364.39,663.71,63.67,174.09,0.552216,-1,-1,-1
3019,239,364.07,663.27,63.72,174.36,0.545525,-1,-1,-1
3020,239,364.36,664.40,63.34,173.67,0.580277,-1,-1,-1
3021,239,364.60,664.79,62.72,172.55,0.546025,-1,-1,-1
3022,239,364.53,663.79,62.57,172.56,0.543604,-1,-1,-1
3022,235,44.76,295.54,52.78,145.64,0.576068,-1,-1,-1
3023,235,44.73,296.37,52.62,145.29,0.573072,-1,-1,-1
3024,235,44.86,296.56,52.91,146.10,0.521898,-1,-1,-1
3025,235,44.80,296.48,52.86,145.96,0.533726,-1,-1,-1
3026,235,44.97,295.85,53.00,145.85,0.543691,-1,-1,-1
3027,235,44.69,294.67,53.37,146.59,0.514906,-1,-1,-1
3028,235,44.18,294.28,53.71,147.06,0.562462,-1,-1,-1
3029,235,43.88,294.26,53.95,147.25,0.563852,-1,-1,-1
3029,239,361.48,657.49,65.36,180.11,0.504822,-1,-1,-1
3030,239,361.10,656.50,66.12,182.91,0.562649,-1,-1,-1
3031,239,361.59,657.40,65.66,181.75,0.520424,-1,-1,-1
3031,235,43.58,293.04,54.75,149.75,0.579668,-1,-1,-1
3032,239,362.16,658.17,65.20,180.57,0.518628,-1,-1,-1
3032,235,43.50,292.63,55.30,151.43,0.581551,-1,-1,-1
3033,235,43.09,292.29,55.60,152.37,0.589619,-1,-1,-1
3034,235,42.99,291.90,55.66,152.48,0.579298,-1,-1,-1
3035,235,43.32,292.70,54.79,149.61,0.578794,-1,-1,-1
3036,235,43.45,293.03,54.45,148.12,0.581645,-1,-1,-1
3036,246,1320.23,779.16,75.84,197.22,0.545020,-1,-1,-1
3037,235,43.79,292.65,54.35,147.41,0.541137,-1,-1,-1
3037,246,1320.28,777.04,75.96,197.35,0.524996,-1,-1,-1
3038,235,44.21,292.75,54.17,146.40,0.533014,-1,-1,-1
3038,246,1321.12,774.57,76.37,198.33,0.545791,-1,-1,-1
3039,235,43.46,292.27,54.88,148.41,0.562263,-1,-1,-1
3039,246,1324.08,771.73,74.66,193.78,0.504083,-1,-1,-1
3040,235,43.62,292.44,54.98,148.45,0.534657,-1,-1,-1
3040,246,1327.09,768.65,71.44,185.22,0.600183,-1,-1,-1
3041,235,43.20,293.29,54.93,148.00,0.548464,-1,-1,-1
3041,246,1329.60,765.40,68.14,175.77,0.580915,-1,-1,-1
3042,235,42.70,292.92,55.18,148.68,0.526302,-1,-1,-1
3042,246,1331.48,762.21,67.60,173.43,0.592489,-1,-1,-1
3043,235,42.81,292.89,55.04,148.10,0.546018,-1,-1,-1
3043,246,1332.11,760.12,68.87,176.19,0.606130,-1,-1,-1
3044,235,42.86,293.17,54.99,147.66,0.549596,-1,-1,-1
3044,246,1332.65,758.60,70.10,178.91,0.649286,-1,-1,-1
3045,246,1333.94,757.58,70.58,179.76,0.610687,-1,-1,-1
3046,246,1335.59,756.32,70.69,179.40,0.640605,-1,-1,-1
3046,247,0.08,820.38,50.68,184.49,0.537471,-1,-1,-1
3046,235,42.56,293.56,55.63,149.44,0.508222,-1,-1,-1
3047,247,0.03,820.61,50.84,185.10,0.516855,-1,-1,-1
3048,247,0.00,820.53,50.97,185.65,0.525804,-1,-1,-1
3048,239,364.23,660.08,62.48,174.42,0.525482,-1,-1,-1
3048,235,42.55,293.62,55.14,148.18,0.562886,-1,-1,-1
3049,239,364.38,660.80,62.42,174.68,0.500943,-1,-1,-1
3049,235,42.66,293.86,55.10,148.06,0.517182,-1,-1,-1
3050,235,42.84,294.42,54.67,146.80,0.530273,-1,-1,-1
3051,235,42.88,295.06,54.35,145.92,0.513888,-1,-1,-1
3051,239,363.98,662.18,62.03,173.22,0.515739,-1,-1,-1
3052,235,42.34,294.84,54.17,145.79,0.509315,-1,-1,-1
3053,235,42.08,294.60,54.20,146.04,0.515420,-1,-1,-1
3053,239,363.19,662.55,62.24,173.76,0.548388,-1,-1,-1
3054,235,41.51,295.16,53.89,145.67,0.502745,-1,-1,-1
3054,239,363.24,663.29,62.04,173.17,0.554636,-1,-1,-1
3054,246,1349.28,741.43,69.68,174.50,0.549892,-1,-1,-1
3055,239,363.36,663.86,62.16,173.51,0.537562,-1,-1,-1
3055,246,1350.83,740.51,70.08,173.82,0.518775,-1,-1,-1
3056,239,363.35,664.38,61.96,172.34,0.521284,-1,-1,-1
3057,239,363.64,663.56,62.30,172.73,0.518028,-1,-1,-1
3057,247,1.30,827.75,50.59,183.16,0.501176,-1,-1,-1
3058,239,363.73,663.69,62.96,173.91,0.527727,-1,-1,-1
3058,247,1.25,828.61,50.86,183.18,0.517800,-1,-1,-1
3059,239,363.66,663.91,63.60,174.98,0.515449,-1,-1,-1
3060,239,363.68,663.47,64.24,176.24,0.503507,-1,-1,-1
3060,247,1.16,828.27,51.39,184.18,0.531217,-1,-1,-1
3061,239,363.43,663.90,64.35,176.49,0.508062,-1,-1,-1
3062,239,363.05,664.53,64.45,176.98,0.513273,-1,-1,-1
3063,247,0.00,828.24,51.30,185.94,0.503153,-1,-1,-1
3064,235,42.04,298.71,53.59,145.80,0.501772,-1,-1,-1
3064,239,362.84,664.75,64.48,177.47,0.525337,-1,-1,-1
3065,239,363.19,665.40,63.75,175.59,0.530858,-1,-1,-1
3066,239,363.33,666.13,63.51,174.94,0.521131,-1,-1,-1
3066,246,1361.98,723.97,74.62,184.82,0.549592,-1,-1,-1
3067,239,363.43,666.89,63.13,173.94,0.555935,-1,-1,-1
3067,235,42.37,299.65,53.69,146.71,0.517550,-1,-1,-1
3068,239,363.86,667.40,63.40,174.85,0.570164,-1,-1,-1
3068,235,42.36,299.84,53.53,146.91,0.502059,-1,-1,-1
3068,246,1363.65,721.71,75.44,188.12,0.519289,-1,-1,-1
3069,239,364.18,668.36,63.22,174.68,0.563334,-1,-1,-1
3070,239,364.59,668.09,63.72,176.39,0.504122,-1,-1,-1
3080,250,567.03,722.54,66.80,167.31,0.586103,-1,-1,-1
3081,250,568.24,723.45,67.33,168.54,0.555897,-1,-1,-1
3088,250,580.14,723.10,67.08,167.73,0.506186,-1,-1,-1
3089,250,583.45,723.15,65.82,163.53,0.508872,-1,-1,-1
3090,250,585.73,721.84,65.29,161.76,0.523423,-1,-1,-1
3091,250,589.70,720.92,63.89,157.70,0.522525,-1,-1,-1
3092,250,592.51,720.53,62.84,154.82,0.545031,-1,-1,-1
3101,251,504.42,807.16,71.72,195.66,0.526774,-1,-1,-1
3105,251,502.84,797.32,73.89,201.32,0.527637,-1,-1,-1
3106,251,501.14,794.40,73.89,201.18,0.547526,-1,-1,-1
3143,254,1091.22,833.93,77.37,172.60,0.524277,-1,-1,-1
3184,257,413.92,913.02,77.84,165.33,0.500407,-1,-1,-1
3315,261,1.82,858.52,57.81,195.38,0.546921,-1,-1,-1
